        0.00      0.00000000E+00
      100.00      4.85423969E+01
      200.00      1.05400304E+02
      300.00      1.30838644E+02
      400.00      2.17964355E+02
      500.00      2.73140951E+02
      600.00      3.31507853E+02
      700.00      3.79003417E+02
      800.00      4.69688361E+02
      900.00      4.38725446E+02
     1000.00      6.21682798E+02
     1100.00      6.20979813E+02
     1200.00      6.13424632E+02
     1300.00      7.97639878E+02
     1400.00      8.16841995E+02
     1500.00      8.55953295E+02
     1600.00      1.06297684E+03
     1700.00      1.13850877E+03
     1800.00      1.10181931E+03
     1900.00      1.35553143E+03
     2000.00      1.53752148E+03
     2100.00      1.56880872E+03
     2200.00      1.59069900E+03
     2300.00      1.88210982E+03
     2400.00      1.88536093E+03
     2500.00      2.14799094E+03
     2600.00      2.08358604E+03
     2700.00      2.14028921E+03
     2800.00      2.50870863E+03
     2900.00      2.70880595E+03
     3000.00      2.75735076E+03
     3100.00      2.94268397E+03
     3200.00      3.26420121E+03
     3300.00      3.41120711E+03
     3400.00      3.67400126E+03
     3500.00      4.01017049E+03
     3600.00      4.05092057E+03
     3700.00      4.17008668E+03
     3800.00      4.79627990E+03
     3900.00      4.98142530E+03
     4000.00      5.00707049E+03
     4100.00      5.29010575E+03
     4200.00      5.35347805E+03
     4300.00      5.87481333E+03
     4400.00      6.40132591E+03
     4500.00      6.67650267E+03
     4600.00      6.45854857E+03
     4700.00      7.24205152E+03
     4800.00      7.59432108E+03
     4900.00      7.89823735E+03
     5000.00      8.20909268E+03
     5100.00      8.62646818E+03
     5200.00      8.68671953E+03
     5300.00      9.34932938E+03
     5400.00      9.53376021E+03
     5500.00      1.00011788E+04
     5600.00      1.05746425E+04
     5700.00      1.06753757E+04
     5800.00      1.10986402E+04
     5900.00      1.16579468E+04
     6000.00      1.23080711E+04
     6100.00      1.26212352E+04
     6200.00      1.32446586E+04
     6300.00      1.38297964E+04
     6400.00      1.41522878E+04
     6500.00      1.47123631E+04
     6600.00      1.53844149E+04
     6700.00      1.56198285E+04
     6800.00      1.62308218E+04
     6900.00      1.66102609E+04
     7000.00      1.77402815E+04
     7100.00      1.80760506E+04
     7200.00      1.87888659E+04
     7300.00      1.90071322E+04
     7400.00      1.95238992E+04
     7500.00      2.06107990E+04
     7600.00      2.16039951E+04
     7700.00      2.20355056E+04
     7800.00      2.28550481E+04
     7900.00      2.30562114E+04
     8000.00      2.38976111E+04
     8100.00      2.45608877E+04
     8200.00      2.51275878E+04
     8300.00      2.62569191E+04
     8400.00      2.69413167E+04
     8500.00      2.77481213E+04
     8600.00      2.85953551E+04
     8700.00      2.92646108E+04
     8800.00      2.97714801E+04
     8900.00      3.08328205E+04
     9000.00      3.15655894E+04
     9100.00      3.33433134E+04
     9200.00      3.40830002E+04
     9300.00      3.44942262E+04
     9400.00      3.56249496E+04
     9500.00      3.62863431E+04
     9600.00      3.72989807E+04
     9700.00      3.79748004E+04
     9800.00      3.93830818E+04
     9900.00      4.03073544E+04
    10000.00      4.15154067E+04
    10100.00      4.26898049E+04
    10200.00      4.36076112E+04
    10300.00      4.45669987E+04
    10400.00      4.54616967E+04
    10500.00      4.61094556E+04
    10600.00      4.85287852E+04
    10700.00      4.94656521E+04
    10800.00      5.02028842E+04
    10900.00      5.16296302E+04
    11000.00      5.21996020E+04
    11100.00      5.39933340E+04
    11200.00      5.50239276E+04
    11300.00      5.58565070E+04
    11400.00      5.75040739E+04
    11500.00      5.89713780E+04
    11600.00      5.98695711E+04
    11700.00      6.16728747E+04
    11800.00      6.29021015E+04
    11900.00      6.47956492E+04
    12000.00      6.53583004E+04
    12100.00      6.69482295E+04
    12200.00      6.89839117E+04
    12300.00      7.06608872E+04
    12400.00      7.09350625E+04
    12500.00      7.26246245E+04
    12600.00      7.40240184E+04
    12700.00      7.66971091E+04
    12800.00      7.71109698E+04
    12900.00      7.99212203E+04
    13000.00      8.04537967E+04
    13100.00      8.26737973E+04
    13200.00      8.33527947E+04
    13300.00      8.57014610E+04
    13400.00      8.78823014E+04
    13500.00      8.89700655E+04
    13600.00      9.05032324E+04
    13700.00      9.36201187E+04
    13800.00      9.42653450E+04
    13900.00      9.60388494E+04
    14000.00      9.76141844E+04
    14100.00      9.95482166E+04
    14200.00      1.02012130E+05
    14300.00      1.03645917E+05
    14400.00      1.05049993E+05
    14500.00      1.06984619E+05
    14600.00      1.09798624E+05
    14700.00      1.10809429E+05
    14800.00      1.14011941E+05
    14900.00      1.15753109E+05
    15000.00      1.17734205E+05
    15100.00      1.19963339E+05
    15200.00      1.21439067E+05
    15300.00      1.23276707E+05
    15400.00      1.26863488E+05
    15500.00      1.27473656E+05
    15600.00      1.29849703E+05
    15700.00      1.32541169E+05
    15800.00      1.35894391E+05
    15900.00      1.37094920E+05
    16000.00      1.39147251E+05
    16100.00      1.41071268E+05
    16200.00      1.44383821E+05
    16300.00      1.46584621E+05
    16400.00      1.49895502E+05
    16500.00      1.51492619E+05
    16600.00      1.53565362E+05
    16700.00      1.55789594E+05
    16800.00      1.58298590E+05
    16900.00      1.62401014E+05
    17000.00      1.64060717E+05
    17100.00      1.65316219E+05
    17200.00      1.69598861E+05
    17300.00      1.71935604E+05
    17400.00      1.74773098E+05
    17500.00      1.76797135E+05
    17600.00      1.79374709E+05
    17700.00      1.82770280E+05
    17800.00      1.85610439E+05
    17900.00      1.88283241E+05
    18000.00      1.91564835E+05
    18100.00      1.93779995E+05
    18200.00      1.97816280E+05
    18300.00      1.99157374E+05
    18400.00      2.02580213E+05
    18500.00      2.06290604E+05
    18600.00      2.08717416E+05
    18700.00      2.11589186E+05
    18800.00      2.15059721E+05
    18900.00      2.18050092E+05
    19000.00      2.21236265E+05
    19100.00      2.23491562E+05
    19200.00      2.27605381E+05
    19300.00      2.31487541E+05
    19400.00      2.34150840E+05
    19500.00      2.37835647E+05
    19600.00      2.39847264E+05
    19700.00      2.45174834E+05
    19800.00      2.47598895E+05
    19900.00      2.48575972E+05
    20000.00      2.55592242E+05
    20100.00      2.58182328E+05
    20200.00      2.59699393E+05
    20300.00      2.64975102E+05
    20400.00      2.67643301E+05
    20500.00      2.73174971E+05
    20600.00      2.75173623E+05
    20700.00      2.78899451E+05
    20800.00      2.83030339E+05
    20900.00      2.87476409E+05
    21000.00      2.90002527E+05
    21100.00      2.95320100E+05
    21200.00      2.97519143E+05
    21300.00      3.02294575E+05
    21400.00      3.03754518E+05
    21500.00      3.10179158E+05
    21600.00      3.14290594E+05
    21700.00      3.18120640E+05
    21800.00      3.19725835E+05
    21900.00      3.26600599E+05
    22000.00      3.30845491E+05
    22100.00      3.35426283E+05
    22200.00      3.37088194E+05
    22300.00      3.43297929E+05
    22400.00      3.45427750E+05
    22500.00      3.50853211E+05
    22600.00      3.55409776E+05
    22700.00      3.58903858E+05
    22800.00      3.63381000E+05
    22900.00      3.69641305E+05
    23000.00      3.70879668E+05
    23100.00      3.78281338E+05
    23200.00      3.82814328E+05
    23300.00      3.84774898E+05
    23400.00      3.91242908E+05
    23500.00      3.95280601E+05
    23600.00      4.01283746E+05
    23700.00      4.05772805E+05
    23800.00      4.09158723E+05
    23900.00      4.13419048E+05
    24000.00      4.20327682E+05
    24100.00      4.22282480E+05
    24200.00      4.28989068E+05
    24300.00      4.32837174E+05
    24400.00      4.41825948E+05
    24500.00      4.41873313E+05
    24600.00      4.48328900E+05
    24700.00      4.55053093E+05
    24800.00      4.59913942E+05
    24900.00      4.63905623E+05
    25000.00      4.70706747E+05
    25100.00      4.74526450E+05
    25200.00      4.80763084E+05
    25300.00      4.83245844E+05
    25400.00      4.89794443E+05
    25500.00      4.95136223E+05
    25600.00      5.00561452E+05
    25700.00      5.06605592E+05
    25800.00      5.13895214E+05
    25900.00      5.17573166E+05
    26000.00      5.24443581E+05
    26100.00      5.28427687E+05
    26200.00      5.34964079E+05
    26300.00      5.41390951E+05
    26400.00      5.46381196E+05
    26500.00      5.51190540E+05
    26600.00      5.57945275E+05
    26700.00      5.63358478E+05
    26800.00      5.70146277E+05
    26900.00      5.72928116E+05
    27000.00      5.80384129E+05
    27100.00      5.87810264E+05
    27200.00      5.93885984E+05
    27300.00      5.99610078E+05
    27400.00      6.06400576E+05
    27500.00      6.13678521E+05
    27600.00      6.19127931E+05
    27700.00      6.24338215E+05
    27800.00      6.31809380E+05
    27900.00      6.37323505E+05
    28000.00      6.42925371E+05
    28100.00      6.48339920E+05
    28200.00      6.54258257E+05
    28300.00      6.64700945E+05
    28400.00      6.68816462E+05
    28500.00      6.73630720E+05
    28600.00      6.84744192E+05
    28700.00      6.91166679E+05
    28800.00      6.94940951E+05
    28900.00      7.06398386E+05
    29000.00      7.09116916E+05
    29100.00      7.19342348E+05
    29200.00      7.22242632E+05
    29300.00      7.30134693E+05
    29400.00      7.39070100E+05
    29500.00      7.45484150E+05
    29600.00      7.48185539E+05
    29700.00      7.58897479E+05
    29800.00      7.65443321E+05
    29900.00      7.74601573E+05
    30000.00      7.78042357E+05
    30100.00      7.90731836E+05
    30200.00      7.96660402E+05
    30300.00      8.03644355E+05
    30400.00      8.10236864E+05
    30500.00      8.20701509E+05
    30600.00      8.26439638E+05
    30700.00      8.35486790E+05
    30800.00      8.38227354E+05
    30900.00      8.48836789E+05
    31000.00      8.53562568E+05
    31100.00      8.62358968E+05
    31200.00      8.69348710E+05
    31300.00      8.78855191E+05
    31400.00      8.89028782E+05
    31500.00      8.98926471E+05
    31600.00      9.01405842E+05
    31700.00      9.14861612E+05
    31800.00      9.22061585E+05
    31900.00      9.27580641E+05
    32000.00      9.37986915E+05
    32100.00      9.44972283E+05
    32200.00      9.54273058E+05
    32300.00      9.61252382E+05
    32400.00      9.68361157E+05
    32500.00      9.74598121E+05
    32600.00      9.87194358E+05
    32700.00      9.91307176E+05
    32800.00      1.00312343E+06
    32900.00      1.01173130E+06
    33000.00      1.02800000E+06
    33100.00      1.02955826E+06
    33200.00      1.03945878E+06
    33300.00      1.04979769E+06
    33400.00      1.05942451E+06
    33500.00      1.06630844E+06
    33600.00      1.07904677E+06
    33700.00      1.08097206E+06
    33800.00      1.09266518E+06
    33900.00      1.09685358E+06
    34000.00      1.10848785E+06
    34100.00      1.12056043E+06
    34200.00      1.12858127E+06
    34300.00      1.13591422E+06
    34400.00      1.15206098E+06
    34500.00      1.16024446E+06
    34600.00      1.17315899E+06
    34700.00      1.17592060E+06
    34800.00      1.18996232E+06
    34900.00      1.19847564E+06
    35000.00      1.20704045E+06
    35100.00      1.21709735E+06
    35200.00      1.22698948E+06
    35300.00      1.23233452E+06
    35400.00      1.24440519E+06
    35500.00      1.25172194E+06
    35600.00      1.26365709E+06
    35700.00      1.27584081E+06
    35800.00      1.28530625E+06
    35900.00      1.29725108E+06
    36000.00      1.30745416E+06
    36100.00      1.32369819E+06
    36200.00      1.33144591E+06
    36300.00      1.33775267E+06
    36400.00      1.35314814E+06
    36500.00      1.35987127E+06
    36600.00      1.36858591E+06
    36700.00      1.37825254E+06
    36800.00      1.38633545E+06
    36900.00      1.40275569E+06
    37000.00      1.40922344E+06
    37100.00      1.41874857E+06
    37200.00      1.43638531E+06
    37300.00      1.44657940E+06
    37400.00      1.45403681E+06
    37500.00      1.47037522E+06
    37600.00      1.47994160E+06
    37700.00      1.49920594E+06
    37800.00      1.50106692E+06
    37900.00      1.51369259E+06
    38000.00      1.52585648E+06
    38100.00      1.53790825E+06
    38200.00      1.54155360E+06
    38300.00      1.56027248E+06
    38400.00      1.56561851E+06
    38500.00      1.57969741E+06
    38600.00      1.58808556E+06
    38700.00      1.60736445E+06
    38800.00      1.61835900E+06
    38900.00      1.62831741E+06
    39000.00      1.63977484E+06
    39100.00      1.65766100E+06
    39200.00      1.67153341E+06
    39300.00      1.68420139E+06
    39400.00      1.68653111E+06
    39500.00      1.70454622E+06
    39600.00      1.71251794E+06
    39700.00      1.72479142E+06
    39800.00      1.73595259E+06
    39900.00      1.75065082E+06
    40000.00      1.76100105E+06
    40100.00      1.77862866E+06
    40200.00      1.78562239E+06
    40300.00      1.80351640E+06
    40400.00      1.81440312E+06
    40500.00      1.82896820E+06
    40600.00      1.84293557E+06
    40700.00      1.85429998E+06
    40800.00      1.87469235E+06
    40900.00      1.88246600E+06
    41000.00      1.89012959E+06
    41100.00      1.90638642E+06
    41200.00      1.92231274E+06
    41300.00      1.92775122E+06
    41400.00      1.94560113E+06
    41500.00      1.95544973E+06
    41600.00      1.97819437E+06
    41700.00      1.98296265E+06
    41800.00      1.99859258E+06
    41900.00      2.01700451E+06
    42000.00      2.03070231E+06
    42100.00      2.04165860E+06
    42200.00      2.06134998E+06
    42300.00      2.07057281E+06
    42400.00      2.08866272E+06
    42500.00      2.09297571E+06
    42600.00      2.11127965E+06
    42700.00      2.12738506E+06
    42800.00      2.14040772E+06
    42900.00      2.15137111E+06
    43000.00      2.17458981E+06
    43100.00      2.18156171E+06
    43200.00      2.19959163E+06
    43300.00      2.20881486E+06
    43400.00      2.23171959E+06
    43500.00      2.24253051E+06
    43600.00      2.25905612E+06
    43700.00      2.27227192E+06
    43800.00      2.28943165E+06
    43900.00      2.30377724E+06
    44000.00      2.32146906E+06
    44100.00      2.32707117E+06
    44200.00      2.34702249E+06
    44300.00      2.36470611E+06
    44400.00      2.37767431E+06
    44500.00      2.39192920E+06
    44600.00      2.40805461E+06
    44700.00      2.42686321E+06
    44800.00      2.44263560E+06
    44900.00      2.45435897E+06
    45000.00      2.47558087E+06
    45100.00      2.48731597E+06
    45200.00      2.50370152E+06
    45300.00      2.51679803E+06
    45400.00      2.53179750E+06
    45500.00      2.55795430E+06
    45600.00      2.56782760E+06
    45700.00      2.57775341E+06
    45800.00      2.60646607E+06
    45900.00      2.61978716E+06
    46000.00      2.62830981E+06
    46100.00      2.65011330E+06
    46200.00      2.66360300E+06
    46300.00      2.68936869E+06
    46400.00      2.69447543E+06
    46500.00      2.71531530E+06
    46600.00      2.73535154E+06
    46700.00      2.75121257E+06
    46800.00      2.76139183E+06
    46900.00      2.78813544E+06
    47000.00      2.79931882E+06
    47100.00      2.82100830E+06
    47200.00      2.83056161E+06
    47300.00      2.85519741E+06
    47400.00      2.87373768E+06
    47500.00      2.88692416E+06
    47600.00      2.90276497E+06
    47700.00      2.92728540E+06
    47800.00      2.94019118E+06
    47900.00      2.96063086E+06
    48000.00      2.97071372E+06
    48100.00      2.99725232E+06
    48200.00      3.00530746E+06
    48300.00      3.02877402E+06
    48400.00      3.04392639E+06
    48500.00      3.06434620E+06
    48600.00      3.08595281E+06
    48700.00      3.11003961E+06
    48800.00      3.11523663E+06
    48900.00      3.14226342E+06
    49000.00      3.15763310E+06
    49100.00      3.17757808E+06
    49200.00      3.19126768E+06
    49300.00      3.21209368E+06
    49400.00      3.23783983E+06
    49500.00      3.24898461E+06
    49600.00      3.26537906E+06
    49700.00      3.28808626E+06
    49800.00      3.30700838E+06
    49900.00      3.31944354E+06
    50000.00      3.34347664E+06
