 Request to read Hessians for frequency calc


 Moments of intertia (cm-1)        4.97186        0.54071        0.48767
 Symmetrized to (cm-1)             4.97186        0.51419 (x2)

 rotated geometry
N      1.054968198610398    -0.190584808825291     0.000000000000001
C      0.000000000000041     0.444503245653661    -0.000000000000001
N     -1.054968198610434    -0.190584808825270     0.000000000000001


 energy at MSX =    46.099091700506861        46.098432572411028     

 grad(E1) grad(E2) grad(E1-E2)
    1    1    1       -0.58062       -0.58063       -0.58061
    2    1    2        0.00000       -0.00000        0.00000
    3    1    3        0.58062        0.58063        0.58061
    4    2    1       -0.22108       -0.22108       -0.22109
    5    2    2        0.47749        0.47748        0.47751
    6    2    3       -0.22108       -0.22108       -0.22109
    7    3    1        0.00000        0.00000       -0.00000
    8    3    2        0.00000        0.00000       -0.00000
    9    3    3        0.00000       -0.00000        0.00000

 Obtaining the Hessians
 HESSR
 Now reading the Hessians
 Printing out the Hessians

 Hess 1
  0.59759110000000004        0.0000000000000000        0.0000000000000000        0.0000000000000000        0.0000000000000000        0.0000000000000000        0.0000000000000000        0.0000000000000000        0.0000000000000000     
  0.31222159999999999       0.17868919999999999        0.0000000000000000        0.0000000000000000        0.0000000000000000        0.0000000000000000        0.0000000000000000        0.0000000000000000        0.0000000000000000     
  -0.0000000000000000        0.0000000000000000       -3.9687000000000004E-003   0.0000000000000000        0.0000000000000000        0.0000000000000000        0.0000000000000000        0.0000000000000000        0.0000000000000000     
 -0.40151130000000002      -0.23350450000000000        0.0000000000000000       0.80312139999999999        0.0000000000000000        0.0000000000000000        0.0000000000000000        0.0000000000000000        0.0000000000000000     
 -0.39096920000000002      -0.23840960000000000        0.0000000000000000        0.0000000000000000       0.47682770000000002        0.0000000000000000        0.0000000000000000        0.0000000000000000        0.0000000000000000     
   0.0000000000000000       -0.0000000000000000       -1.3603499999999999E-002   0.0000000000000000       -0.0000000000000000        2.7233199999999999E-002   0.0000000000000000        0.0000000000000000        0.0000000000000000     
 -0.19612930000000001       -7.8746399999999994E-002  -0.0000000000000000      -0.40151130000000002       0.39096920000000002       -0.0000000000000000       0.59759110000000004        0.0000000000000000        0.0000000000000000     
   7.8746399999999994E-002   5.9716199999999997E-002  -0.0000000000000000       0.23350450000000000      -0.23840960000000000       -0.0000000000000000      -0.31222159999999999       0.17868919999999999        0.0000000000000000     
   0.0000000000000000       -0.0000000000000000        1.7559200000000001E-002  -0.0000000000000000        0.0000000000000000       -1.3603499999999999E-002   0.0000000000000000        0.0000000000000000       -3.9687000000000004E-003


 Hess 3
  0.50856809999999997        0.0000000000000000        0.0000000000000000        0.0000000000000000        0.0000000000000000        0.0000000000000000        0.0000000000000000        0.0000000000000000        0.0000000000000000     
  0.18496979999999999        9.0248300000000004E-002   0.0000000000000000        0.0000000000000000        0.0000000000000000        0.0000000000000000        0.0000000000000000        0.0000000000000000        0.0000000000000000     
   0.0000000000000000        0.0000000000000000       -4.5145000000000003E-003   0.0000000000000000        0.0000000000000000        0.0000000000000000        0.0000000000000000        0.0000000000000000        0.0000000000000000     
 -0.15726490000000001       -7.9304899999999998E-002   0.0000000000000000       0.31452980000000003        0.0000000000000000        0.0000000000000000        0.0000000000000000        0.0000000000000000        0.0000000000000000     
 -0.29674560000000000      -0.17075499999999999        0.0000000000000000        0.0000000000000000       0.34151009999999998        0.0000000000000000        0.0000000000000000        0.0000000000000000        0.0000000000000000     
   0.0000000000000000        0.0000000000000000       -2.8125399999999998E-002   0.0000000000000000        0.0000000000000000        5.6244799999999998E-002   0.0000000000000000        0.0000000000000000        0.0000000000000000     
 -0.35130319999999998      -0.11032610000000000        0.0000000000000000      -0.15726490000000001       0.29674560000000000        0.0000000000000000       0.50856809999999997        0.0000000000000000        0.0000000000000000     
  0.11032610000000000        8.0506700000000000E-002   0.0000000000000000        7.9304899999999998E-002 -0.17075499999999999        0.0000000000000000      -0.18496979999999999        9.0248300000000004E-002   0.0000000000000000     
   0.0000000000000000        0.0000000000000000        3.2636900000000003E-002   0.0000000000000000        0.0000000000000000       -2.8125399999999998E-002   0.0000000000000000        0.0000000000000000       -4.5145000000000003E-003

 Two-state averaged Hessian
    Index  Force Const (mass-scaled Eh/a0^2) Freq(cm-1)
         1   -0.13573E-01     -598.89566
         2   -0.83347E-02     -469.30465
         3   -0.49505E-16       -0.00004
         4    0.11282E-16        0.00002
         5    0.30864E-03       90.30969
         6    0.39431E-02      322.79692
         7    0.63981E-02      411.18153
         8    0.92613E-01     1564.39001
         9    0.31135E+00     2868.34820

 MSX frequencies
   1564.3900051035139     
   2868.3482022956950     

 Finished writing the nej.dat and ne.dat files.

 Well done!
