        0.00      0.00000000E+00
      100.00      2.04367303E+02
      200.00      6.38729797E+02
      300.00      1.22869506E+03
      400.00      2.00706155E+03
      500.00      3.60144105E+03
      600.00      5.84418142E+03
      700.00      9.19331926E+03
      800.00      1.33202191E+04
      900.00      2.01596133E+04
     1000.00      2.92820175E+04
     1100.00      4.26178691E+04
     1200.00      5.84971140E+04
     1300.00      8.15292731E+04
     1400.00      1.11126602E+05
     1500.00      1.52219562E+05
     1600.00      2.02580916E+05
     1700.00      2.69122372E+05
     1800.00      3.53708805E+05
     1900.00      4.65878424E+05
     2000.00      6.02717959E+05
     2100.00      7.75584600E+05
     2200.00      9.92013929E+05
     2300.00      1.26742212E+06
     2400.00      1.60386999E+06
     2500.00      2.01855426E+06
     2600.00      2.52551364E+06
     2700.00      3.15578527E+06
     2800.00      3.91866083E+06
     2900.00      4.84282852E+06
     3000.00      5.95605565E+06
     3100.00      7.31085935E+06
     3200.00      8.93705241E+06
     3300.00      1.08829920E+07
     3400.00      1.31953954E+07
     3500.00      1.59653866E+07
     3600.00      1.92597650E+07
     3700.00      2.31545921E+07
     3800.00      2.77460938E+07
     3900.00      3.31696258E+07
     4000.00      3.95573036E+07
     4100.00      4.70463150E+07
     4200.00      5.58013330E+07
     4300.00      6.60317117E+07
     4400.00      7.79762079E+07
     4500.00      9.18662198E+07
     4600.00      1.07990036E+08
     4700.00      1.26671934E+08
     4800.00      1.48306760E+08
     4900.00      1.73287557E+08
     5000.00      2.02087604E+08
     5100.00      2.35228675E+08
     5200.00      2.73342608E+08
     5300.00      3.17049251E+08
     5400.00      3.67128532E+08
     5500.00      4.24424191E+08
     5600.00      4.89906191E+08
     5700.00      5.64547171E+08
     5800.00      6.49581430E+08
     5900.00      7.46341381E+08
     6000.00      8.56339845E+08
     6100.00      9.81060140E+08
     6200.00      1.12239136E+09
     6300.00      1.28239999E+09
     6400.00      1.46343312E+09
     6500.00      1.66775435E+09
     6600.00      1.89815050E+09
     6700.00      2.15775857E+09
     6800.00      2.45019680E+09
     6900.00      2.77890130E+09
     7000.00      3.14791273E+09
     7100.00      3.56190554E+09
     7200.00      4.02631682E+09
     7300.00      4.54635756E+09
     7400.00      5.12788185E+09
     7500.00      5.77768183E+09
     7600.00      6.50374771E+09
     7700.00      7.31393200E+09
     7800.00      8.21673569E+09
     7900.00      9.22182658E+09
     8000.00      1.03407368E+10
     8100.00      1.15851392E+10
     8200.00      1.29673570E+10
     8300.00      1.45010223E+10
     8400.00      1.62025031E+10
     8500.00      1.80888652E+10
     8600.00      2.01778498E+10
     8700.00      2.24886472E+10
     8800.00      2.50441694E+10
     8900.00      2.78688713E+10
     9000.00      3.09881458E+10
     9100.00      3.44289781E+10
     9200.00      3.82230408E+10
     9300.00      4.24047934E+10
     9400.00      4.70103238E+10
     9500.00      5.20774155E+10
     9600.00      5.76494924E+10
     9700.00      6.37744366E+10
     9800.00      7.05030009E+10
     9900.00      7.78878272E+10
    10000.00      8.59881144E+10
    10100.00      9.48696782E+10
    10200.00      1.04602983E+11
    10300.00      1.15260930E+11
    10400.00      1.26924043E+11
    10500.00      1.39681799E+11
    10600.00      1.53630809E+11
    10700.00      1.68871488E+11
    10800.00      1.85512975E+11
    10900.00      2.03675865E+11
    11000.00      2.23491237E+11
    11100.00      2.45096301E+11
    11200.00      2.68638448E+11
    11300.00      2.94279131E+11
    11400.00      3.22194560E+11
    11500.00      3.52570674E+11
    11600.00      3.85605415E+11
    11700.00      4.21514071E+11
    11800.00      4.60531610E+11
    11900.00      5.02907521E+11
    12000.00      5.48906483E+11
    12100.00      5.98814361E+11
    12200.00      6.52942138E+11
    12300.00      7.11621818E+11
    12400.00      7.75205342E+11
    12500.00      8.44070642E+11
    12600.00      9.18626843E+11
    12700.00      9.99312293E+11
    12800.00      1.08659232E+12
    12900.00      1.18096412E+12
    13000.00      1.28296318E+12
    13100.00      1.39316460E+12
    13200.00      1.51217935E+12
    13300.00      1.64065841E+12
    13400.00      1.77930002E+12
    13500.00      1.92885354E+12
    13600.00      2.09011621E+12
    13700.00      2.26393640E+12
    13800.00      2.45122052E+12
    13900.00      2.65293979E+12
    14000.00      2.87012808E+12
    14100.00      3.10388558E+12
    14200.00      3.35538401E+12
    14300.00      3.62587572E+12
    14400.00      3.91669436E+12
    14500.00      4.22925926E+12
    14600.00      4.56507814E+12
    14700.00      4.92575942E+12
    14800.00      5.31301458E+12
    14900.00      5.72866473E+12
    15000.00      6.17464207E+12
    15100.00      6.65300359E+12
    15200.00      7.16593538E+12
    15300.00      7.71576248E+12
    15400.00      8.30495044E+12
    15500.00      8.93611922E+12
    15600.00      9.61204888E+12
    15700.00      1.03356943E+13
    15800.00      1.11101881E+13
    15900.00      1.19388533E+13
    16000.00      1.28252114E+13
    16100.00      1.37730020E+13
    16200.00      1.47861870E+13
    16300.00      1.58689655E+13
    16400.00      1.70257807E+13
    16500.00      1.82613461E+13
    16600.00      1.95806514E+13
    16700.00      2.09889820E+13
    16800.00      2.24919238E+13
    16900.00      2.40953942E+13
    17000.00      2.58056530E+13
    17100.00      2.76293274E+13
    17200.00      2.95734139E+13
    17300.00      3.16453146E+13
    17400.00      3.38528531E+13
    17500.00      3.62043074E+13
    17600.00      3.87084100E+13
    17700.00      4.13743877E+13
    17800.00      4.42119844E+13
    17900.00      4.72315010E+13
    18000.00      5.04437990E+13
    18100.00      5.38603423E+13
    18200.00      5.74932233E+13
    18300.00      6.13552159E+13
    18400.00      6.54597836E+13
    18500.00      6.98211227E+13
    18600.00      7.44541914E+13
    18700.00      7.93747775E+13
    18800.00      8.45995130E+13
    18900.00      9.01459220E+13
    19000.00      9.60324496E+13
    19100.00      1.02278546E+14
    19200.00      1.08904691E+14
    19300.00      1.15932447E+14
    19400.00      1.23384492E+14
    19500.00      1.31284714E+14
    19600.00      1.39658250E+14
    19700.00      1.48531552E+14
    19800.00      1.57932418E+14
    19900.00      1.67890099E+14
    20000.00      1.78435356E+14
    20100.00      1.89600543E+14
    20200.00      2.01419635E+14
    20300.00      2.13928348E+14
    20400.00      2.27164218E+14
    20500.00      2.41166697E+14
    20600.00      2.55977195E+14
    20700.00      2.71639204E+14
    20800.00      2.88198395E+14
    20900.00      3.05702742E+14
    21000.00      3.24202577E+14
    21100.00      3.43750716E+14
    21200.00      3.64402581E+14
    21300.00      3.86216350E+14
    21400.00      4.09253030E+14
    21500.00      4.33576597E+14
    21600.00      4.59254128E+14
    21700.00      4.86355989E+14
    21800.00      5.14955933E+14
    21900.00      5.45131252E+14
    22000.00      5.76962926E+14
    22100.00      6.10535847E+14
    22200.00      6.45938946E+14
    22300.00      6.83265369E+14
    22400.00      7.22612643E+14
    22500.00      7.64082929E+14
    22600.00      8.07783195E+14
    22700.00      8.53825418E+14
    22800.00      9.02326769E+14
    22900.00      9.53409900E+14
    23000.00      1.00720316E+15
    23100.00      1.06384085E+15
    23200.00      1.12346341E+15
    23300.00      1.18621775E+15
    23400.00      1.25225752E+15
    23500.00      1.32174341E+15
    23600.00      1.39484337E+15
    23700.00      1.47173296E+15
    23800.00      1.55259571E+15
    23900.00      1.63762345E+15
    24000.00      1.72701657E+15
    24100.00      1.82098443E+15
    24200.00      1.91974576E+15
    24300.00      2.02352904E+15
    24400.00      2.13257286E+15
    24500.00      2.24712635E+15
    24600.00      2.36744962E+15
    24700.00      2.49381424E+15
    24800.00      2.62650368E+15
    24900.00      2.76581375E+15
    25000.00      2.91205313E+15
    25100.00      3.06554396E+15
    25200.00      3.22662228E+15
    25300.00      3.39563865E+15
    25400.00      3.57295865E+15
    25500.00      3.75896360E+15
    25600.00      3.95405109E+15
    25700.00      4.15863569E+15
    25800.00      4.37314953E+15
    25900.00      4.59804308E+15
    26000.00      4.83378586E+15
    26100.00      5.08086715E+15
    26200.00      5.33979676E+15
    26300.00      5.61110584E+15
    26400.00      5.89534775E+15
    26500.00      6.19309887E+15
    26600.00      6.50495951E+15
    26700.00      6.83155478E+15
    26800.00      7.17353562E+15
    26900.00      7.53157976E+15
    27000.00      7.90639273E+15
    27100.00      8.29870890E+15
    27200.00      8.70929260E+15
    27300.00      9.13893928E+15
    27400.00      9.58847664E+15
    27500.00      1.00587659E+16
    27600.00      1.05507028E+16
    27700.00      1.10652194E+16
    27800.00      1.16032850E+16
    27900.00      1.21659076E+16
    28000.00      1.27541356E+16
    28100.00      1.33690588E+16
    28200.00      1.40118105E+16
    28300.00      1.46835687E+16
    28400.00      1.53855578E+16
    28500.00      1.61190505E+16
    28600.00      1.68853693E+16
    28700.00      1.76858885E+16
    28800.00      1.85220360E+16
    28900.00      1.93952952E+16
    29000.00      2.03072071E+16
    29100.00      2.12593724E+16
    29200.00      2.22534534E+16
    29300.00      2.32911765E+16
    29400.00      2.43743343E+16
    29500.00      2.55047881E+16
    29600.00      2.66844703E+16
    29700.00      2.79153867E+16
    29800.00      2.91996193E+16
    29900.00      3.05393290E+16
    30000.00      3.19367586E+16
    30100.00      3.33942351E+16
    30200.00      3.49141728E+16
    30300.00      3.64990769E+16
    30400.00      3.81515459E+16
    30500.00      3.98742755E+16
    30600.00      4.16700614E+16
    30700.00      4.35418031E+16
    30800.00      4.54925073E+16
    30900.00      4.75252918E+16
    31000.00      4.96433891E+16
    31100.00      5.18501503E+16
    31200.00      5.41490492E+16
    31300.00      5.65436868E+16
    31400.00      5.90377948E+16
    31500.00      6.16352410E+16
    31600.00      6.43400330E+16
    31700.00      6.71563237E+16
    31800.00      7.00884156E+16
    31900.00      7.31407659E+16
    32000.00      7.63179920E+16
    32100.00      7.96248764E+16
    32200.00      8.30663725E+16
    32300.00      8.66476102E+16
    32400.00      9.03739015E+16
    32500.00      9.42507469E+16
    32600.00      9.82838413E+16
    32700.00      1.02479081E+17
    32800.00      1.06842568E+17
    32900.00      1.11380621E+17
    33000.00      1.16099779E+17
    33100.00      1.21006808E+17
    33200.00      1.26108711E+17
    33300.00      1.31412735E+17
    33400.00      1.36926378E+17
    33500.00      1.42657397E+17
    33600.00      1.48613817E+17
    33700.00      1.54803938E+17
    33800.00      1.61236348E+17
    33900.00      1.67919926E+17
    34000.00      1.74863858E+17
    34100.00      1.82077639E+17
    34200.00      1.89571091E+17
    34300.00      1.97354369E+17
    34400.00      2.05437968E+17
    34500.00      2.13832743E+17
    34600.00      2.22549911E+17
    34700.00      2.31601069E+17
    34800.00      2.40998200E+17
    34900.00      2.50753690E+17
    35000.00      2.60880339E+17
    35100.00      2.71391373E+17
    35200.00      2.82300457E+17
    35300.00      2.93621711E+17
    35400.00      3.05369720E+17
    35500.00      3.17559551E+17
    35600.00      3.30206770E+17
    35700.00      3.43327450E+17
    35800.00      3.56938195E+17
    35900.00      3.71056151E+17
    36000.00      3.85699022E+17
    36100.00      4.00885091E+17
    36200.00      4.16633234E+17
    36300.00      4.32962939E+17
    36400.00      4.49894325E+17
    36500.00      4.67448159E+17
    36600.00      4.85645879E+17
    36700.00      5.04509609E+17
    36800.00      5.24062186E+17
    36900.00      5.44327174E+17
    37000.00      5.65328893E+17
    37100.00      5.87092433E+17
    37200.00      6.09643686E+17
    37300.00      6.33009362E+17
    37400.00      6.57217018E+17
    37500.00      6.82295080E+17
    37600.00      7.08272869E+17
    37700.00      7.35180629E+17
    37800.00      7.63049554E+17
    37900.00      7.91911810E+17
    38000.00      8.21800573E+17
    38100.00      8.52750049E+17
    38200.00      8.84795510E+17
    38300.00      9.17973322E+17
    38400.00      9.52320975E+17
    38500.00      9.87877121E+17
    38600.00      1.02468160E+18
    38700.00      1.06277548E+18
    38800.00      1.10220110E+18
    38900.00      1.14300207E+18
    39000.00      1.18522336E+18
    39100.00      1.22891131E+18
    39200.00      1.27411364E+18
    39300.00      1.32087955E+18
    39400.00      1.36925974E+18
    39500.00      1.41930640E+18
    39600.00      1.47107336E+18
    39700.00      1.52461600E+18
    39800.00      1.57999142E+18
    39900.00      1.63725841E+18
    40000.00      1.69647753E+18
    40100.00      1.75771113E+18
    40200.00      1.82102345E+18
    40300.00      1.88648061E+18
    40400.00      1.95415072E+18
    40500.00      2.02410389E+18
    40600.00      2.09641231E+18
    40700.00      2.17115031E+18
    40800.00      2.24839439E+18
    40900.00      2.32822332E+18
    41000.00      2.41071817E+18
    41100.00      2.49596237E+18
    41200.00      2.58404183E+18
    41300.00      2.67504491E+18
    41400.00      2.76906258E+18
    41500.00      2.86618844E+18
    41600.00      2.96651881E+18
    41700.00      3.07015279E+18
    41800.00      3.17719233E+18
    41900.00      3.28774234E+18
    42000.00      3.40191073E+18
    42100.00      3.51980852E+18
    42200.00      3.64154990E+18
    42300.00      3.76725232E+18
    42400.00      3.89703659E+18
    42500.00      4.03102697E+18
    42600.00      4.16935123E+18
    42700.00      4.31214077E+18
    42800.00      4.45953073E+18
    42900.00      4.61166003E+18
    43000.00      4.76867153E+18
    43100.00      4.93071212E+18
    43200.00      5.09793281E+18
    43300.00      5.27048882E+18
    43400.00      5.44853973E+18
    43500.00      5.63224960E+18
    43600.00      5.82178703E+18
    43700.00      6.01732531E+18
    43800.00      6.21904257E+18
    43900.00      6.42712185E+18
    44000.00      6.64175126E+18
    44100.00      6.86312411E+18
    44200.00      7.09143904E+18
    44300.00      7.32690014E+18
    44400.00      7.56971710E+18
    44500.00      7.82010537E+18
    44600.00      8.07828630E+18
    44700.00      8.34448724E+18
    44800.00      8.61894179E+18
    44900.00      8.90188987E+18
    45000.00      9.19357790E+18
    45100.00      9.49425902E+18
    45200.00      9.80419316E+18
    45300.00      1.01236473E+19
    45400.00      1.04528957E+19
    45500.00      1.07922197E+19
    45600.00      1.11419086E+19
    45700.00      1.15022592E+19
    45800.00      1.18735762E+19
    45900.00      1.22561727E+19
    46000.00      1.26503697E+19
    46100.00      1.30564972E+19
    46200.00      1.34748937E+19
    46300.00      1.39059067E+19
    46400.00      1.43498930E+19
    46500.00      1.48072187E+19
    46600.00      1.52782596E+19
    46700.00      1.57634014E+19
    46800.00      1.62630398E+19
    46900.00      1.67775811E+19
    47000.00      1.73074422E+19
    47100.00      1.78530506E+19
    47200.00      1.84148452E+19
    47300.00      1.89932764E+19
    47400.00      1.95888060E+19
    47500.00      2.02019081E+19
    47600.00      2.08330688E+19
    47700.00      2.14827870E+19
    47800.00      2.21515742E+19
    47900.00      2.28399554E+19
    48000.00      2.35484687E+19
    48100.00      2.42776665E+19
    48200.00      2.50281148E+19
    48300.00      2.58003945E+19
    48400.00      2.65951012E+19
    48500.00      2.74128454E+19
    48600.00      2.82542537E+19
    48700.00      2.91199681E+19
    48800.00      3.00106470E+19
    48900.00      3.09269657E+19
    49000.00      3.18696162E+19
    49100.00      3.28393082E+19
    49200.00      3.38367691E+19
    49300.00      3.48627447E+19
    49400.00      3.59179994E+19
    49500.00      3.70033169E+19
    49600.00      3.81195004E+19
    49700.00      3.92673730E+19
    49800.00      4.04477785E+19
    49900.00      4.16615817E+19
    50000.00      4.29096686E+19
