 [Molden Format]
 [GEOMETRIES] XYZ
           3
           1  -5.6127093752962763E-005
N        -0.11636       -0.11636        1.05498
C         0.33273        0.33273        0.00000
N        -0.11636       -0.11636       -1.05498
           3
           2  -4.8398331336159118E-005
N        -0.11636       -0.11636        1.05498
C         0.33273        0.33273       -0.00000
N        -0.11636       -0.11636       -1.05498
           3
           3  -1.9136824590759716E-008
N        -0.11636       -0.11636        1.05498
C         0.33273        0.33273        0.00000
N        -0.11636       -0.11636       -1.05498
