        0.00      0.00000000E+00
      100.00      1.61822006E+01
      200.00      3.51364801E+01
      300.00      4.36166640E+01
      400.00      7.26610856E+01
      500.00      9.10548828E+01
      600.00      1.10512207E+02
      700.00      1.26345437E+02
      800.00      1.56576375E+02
      900.00      1.46254516E+02
     1000.00      1.95924703E+02
     1100.00      2.11780602E+02
     1200.00      2.05965691E+02
     1300.00      2.66687764E+02
     1400.00      2.88992589E+02
     1500.00      3.20840013E+02
     1600.00      3.98247213E+02
     1700.00      4.52414338E+02
     1800.00      4.58537709E+02
     1900.00      5.46428612E+02
     2000.00      6.45813583E+02
     2100.00      6.81765176E+02
     2200.00      6.77747366E+02
     2300.00      8.24155305E+02
     2400.00      8.40879454E+02
     2500.00      9.11163457E+02
     2600.00      9.66418385E+02
     2700.00      9.88085641E+02
     2800.00      1.13924400E+03
     2900.00      1.27733420E+03
     3000.00      1.30799302E+03
     3100.00      1.37796073E+03
     3200.00      1.54285020E+03
     3300.00      1.67641679E+03
     3400.00      1.74996155E+03
     3500.00      1.90560145E+03
     3600.00      1.97065202E+03
     3700.00      2.06051344E+03
     3800.00      2.31363006E+03
     3900.00      2.36124985E+03
     4000.00      2.44785625E+03
     4100.00      2.59735214E+03
     4200.00      2.70726029E+03
     4300.00      2.94953192E+03
     4400.00      3.14205806E+03
     4500.00      3.30310439E+03
     4600.00      3.35986711E+03
     4700.00      3.67517024E+03
     4800.00      3.86973234E+03
     4900.00      3.96048867E+03
     5000.00      4.18236040E+03
     5100.00      4.46208226E+03
     5200.00      4.61486541E+03
     5300.00      4.76306327E+03
     5400.00      4.92559409E+03
     5500.00      5.23677133E+03
     5600.00      5.50418426E+03
     5700.00      5.72048352E+03
     5800.00      6.01787854E+03
     5900.00      6.09831675E+03
     6000.00      6.56001172E+03
     6100.00      6.80646538E+03
     6200.00      7.08455138E+03
     6300.00      7.34905123E+03
     6400.00      7.64657234E+03
     6500.00      7.89671529E+03
     6600.00      8.31347298E+03
     6700.00      8.39693681E+03
     6800.00      8.82217858E+03
     6900.00      9.04406338E+03
     7000.00      9.61027026E+03
     7100.00      9.94223394E+03
     7200.00      1.02813126E+04
     7300.00      1.04067965E+04
     7400.00      1.08847796E+04
     7500.00      1.13692248E+04
     7600.00      1.19875249E+04
     7700.00      1.21587635E+04
     7800.00      1.25273036E+04
     7900.00      1.28929239E+04
     8000.00      1.33489371E+04
     8100.00      1.37150660E+04
     8200.00      1.40731893E+04
     8300.00      1.47368687E+04
     8400.00      1.51494621E+04
     8500.00      1.58003179E+04
     8600.00      1.60616172E+04
     8700.00      1.65543976E+04
     8800.00      1.70298217E+04
     8900.00      1.76154988E+04
     9000.00      1.81972482E+04
     9100.00      1.87776027E+04
     9200.00      1.93647321E+04
     9300.00      1.96631073E+04
     9400.00      2.03564648E+04
     9500.00      2.07553167E+04
     9600.00      2.12240434E+04
     9700.00      2.20286874E+04
     9800.00      2.26925167E+04
     9900.00      2.34714712E+04
    10000.00      2.39014643E+04
    10100.00      2.44123067E+04
    10200.00      2.51724517E+04
    10300.00      2.59681475E+04
    10400.00      2.65016631E+04
    10500.00      2.73620005E+04
    10600.00      2.77804590E+04
    10700.00      2.87708654E+04
    10800.00      2.92400351E+04
    10900.00      2.99524992E+04
    11000.00      3.06937449E+04
    11100.00      3.14950395E+04
    11200.00      3.23203804E+04
    11300.00      3.31545139E+04
    11400.00      3.38040592E+04
    11500.00      3.46245217E+04
    11600.00      3.53629620E+04
    11700.00      3.63840564E+04
    11800.00      3.71883325E+04
    11900.00      3.84342104E+04
    12000.00      3.86546202E+04
    12100.00      3.97411800E+04
    12200.00      4.05535573E+04
    12300.00      4.16731723E+04
    12400.00      4.21821558E+04
    12500.00      4.34052983E+04
    12600.00      4.42004584E+04
    12700.00      4.55670488E+04
    12800.00      4.62237451E+04
    12900.00      4.70289566E+04
    13000.00      4.82719084E+04
    13100.00      4.93797479E+04
    13200.00      5.04210328E+04
    13300.00      5.14587295E+04
    13400.00      5.23577768E+04
    13500.00      5.34546797E+04
    13600.00      5.46340313E+04
    13700.00      5.54887754E+04
    13800.00      5.64778668E+04
    13900.00      5.81071422E+04
    14000.00      5.89679071E+04
    14100.00      6.04509080E+04
    14200.00      6.12958016E+04
    14300.00      6.23335818E+04
    14400.00      6.37574546E+04
    14500.00      6.51375302E+04
    14600.00      6.62863865E+04
    14700.00      6.75941470E+04
    14800.00      6.84999330E+04
    14900.00      7.00905057E+04
    15000.00      7.17234997E+04
    15100.00      7.23288054E+04
    15200.00      7.40537411E+04
    15300.00      7.50409832E+04
    15400.00      7.70540399E+04
    15500.00      7.80025054E+04
    15600.00      7.92609205E+04
    15700.00      8.06391913E+04
    15800.00      8.25991139E+04
    15900.00      8.37441321E+04
    16000.00      8.53362174E+04
    16100.00      8.66491100E+04
    16200.00      8.81890183E+04
    16300.00      8.97805577E+04
    16400.00      9.14496246E+04
    16500.00      9.24146652E+04
    16600.00      9.45917918E+04
    16700.00      9.57164465E+04
    16800.00      9.76265329E+04
    16900.00      9.90197223E+04
    17000.00      1.00928529E+05
    17100.00      1.02120869E+05
    17200.00      1.04550860E+05
    17300.00      1.05828995E+05
    17400.00      1.07858438E+05
    17500.00      1.09229605E+05
    17600.00      1.10764582E+05
    17700.00      1.12398788E+05
    17800.00      1.14638683E+05
    17900.00      1.16400478E+05
    18000.00      1.18009812E+05
    18100.00      1.20262093E+05
    18200.00      1.22248344E+05
    18300.00      1.23553804E+05
    18400.00      1.25247982E+05
    18500.00      1.27533120E+05
    18600.00      1.29945177E+05
    18700.00      1.31270354E+05
    18800.00      1.33880136E+05
    18900.00      1.35409808E+05
    19000.00      1.37089614E+05
    19100.00      1.39419522E+05
    19200.00      1.41380909E+05
    19300.00      1.43152905E+05
    19400.00      1.46150934E+05
    19500.00      1.47733451E+05
    19600.00      1.50465390E+05
    19700.00      1.52201229E+05
    19800.00      1.53907062E+05
    19900.00      1.56560075E+05
    20000.00      1.58560467E+05
    20100.00      1.61294246E+05
    20200.00      1.63063922E+05
    20300.00      1.65280576E+05
    20400.00      1.67609729E+05
    20500.00      1.70362068E+05
    20600.00      1.72187532E+05
    20700.00      1.74686099E+05
    20800.00      1.77137451E+05
    20900.00      1.79913555E+05
    21000.00      1.82427591E+05
    21100.00      1.84681581E+05
    21200.00      1.86335362E+05
    21300.00      1.89685570E+05
    21400.00      1.91858587E+05
    21500.00      1.94361931E+05
    21600.00      1.97238423E+05
    21700.00      1.99364508E+05
    21800.00      2.02019045E+05
    21900.00      2.05560434E+05
    22000.00      2.07257248E+05
    22100.00      2.10458443E+05
    22200.00      2.12915320E+05
    22300.00      2.15707279E+05
    22400.00      2.18318230E+05
    22500.00      2.21328204E+05
    22600.00      2.23892802E+05
    22700.00      2.26326967E+05
    22800.00      2.29071821E+05
    22900.00      2.33318844E+05
    23000.00      2.34909401E+05
    23100.00      2.38192396E+05
    23200.00      2.41227469E+05
    23300.00      2.44807921E+05
    23400.00      2.46740712E+05
    23500.00      2.50486514E+05
    23600.00      2.53214520E+05
    23700.00      2.56105702E+05
    23800.00      2.59356182E+05
    23900.00      2.62289213E+05
    24000.00      2.64581290E+05
    24100.00      2.68680985E+05
    24200.00      2.71701823E+05
    24300.00      2.75692467E+05
    24400.00      2.78628594E+05
    24500.00      2.81275682E+05
    24600.00      2.84623455E+05
    24700.00      2.88491013E+05
    24800.00      2.91478042E+05
    24900.00      2.94850661E+05
    25000.00      2.98297444E+05
    25100.00      3.01745189E+05
    25200.00      3.05090733E+05
    25300.00      3.07813366E+05
    25400.00      3.11542779E+05
    25500.00      3.14645498E+05
    25600.00      3.19224796E+05
    25700.00      3.23258777E+05
    25800.00      3.26365133E+05
    25900.00      3.29483004E+05
    26000.00      3.34065246E+05
    26100.00      3.37388329E+05
    26200.00      3.40634176E+05
    26300.00      3.44415711E+05
    26400.00      3.48374604E+05
    26500.00      3.52325439E+05
    26600.00      3.55728396E+05
    26700.00      3.58694175E+05
    26800.00      3.62966571E+05
    26900.00      3.66853169E+05
    27000.00      3.71642898E+05
    27100.00      3.75870752E+05
    27200.00      3.79066958E+05
    27300.00      3.83611514E+05
    27400.00      3.88064538E+05
    27500.00      3.91119908E+05
    27600.00      3.95937793E+05
    27700.00      3.99352446E+05
    27800.00      4.03739461E+05
    27900.00      4.07736029E+05
    28000.00      4.12109665E+05
    28100.00      4.14727858E+05
    28200.00      4.19912014E+05
    28300.00      4.24377646E+05
    28400.00      4.29292651E+05
    28500.00      4.34227765E+05
    28600.00      4.37580017E+05
    28700.00      4.42594207E+05
    28800.00      4.47222175E+05
    28900.00      4.51565615E+05
    29000.00      4.55848504E+05
    29100.00      4.59884886E+05
    29200.00      4.65047517E+05
    29300.00      4.68894155E+05
    29400.00      4.73441183E+05
    29500.00      4.77481999E+05
    29600.00      4.82034686E+05
    29700.00      4.86562520E+05
    29800.00      4.93708918E+05
    29900.00      4.97887205E+05
    30000.00      5.01991309E+05
    30100.00      5.07418312E+05
    30200.00      5.12574032E+05
    30300.00      5.16492107E+05
    30400.00      5.22189623E+05
    30500.00      5.26801260E+05
    30600.00      5.31764083E+05
    30700.00      5.36053452E+05
    30800.00      5.41418525E+05
    30900.00      5.44899207E+05
    31000.00      5.50308325E+05
    31100.00      5.56213130E+05
    31200.00      5.62040562E+05
    31300.00      5.68003357E+05
    31400.00      5.72560820E+05
    31500.00      5.78426696E+05
    31600.00      5.83386418E+05
    31700.00      5.88809615E+05
    31800.00      5.94320225E+05
    31900.00      5.99271897E+05
    32000.00      6.04717756E+05
    32100.00      6.09917366E+05
    32200.00      6.14110289E+05
    32300.00      6.19867111E+05
    32400.00      6.25325738E+05
    32500.00      6.30914880E+05
    32600.00      6.37698553E+05
    32700.00      6.43567076E+05
    32800.00      6.48643769E+05
    32900.00      6.56031252E+05
    33000.00      6.61068046E+05
    33100.00      6.67228502E+05
    33200.00      6.72365878E+05
    33300.00      6.78718283E+05
    33400.00      6.84545616E+05
    33500.00      6.89315975E+05
    33600.00      6.94848197E+05
    33700.00      7.00366202E+05
    33800.00      7.05377018E+05
    33900.00      7.13364202E+05
    34000.00      7.20204663E+05
    34100.00      7.25717575E+05
    34200.00      7.31878804E+05
    34300.00      7.38787379E+05
    34400.00      7.45012689E+05
    34500.00      7.52127761E+05
    34600.00      7.58511180E+05
    34700.00      7.63789672E+05
    34800.00      7.70590820E+05
    34900.00      7.76643307E+05
    35000.00      7.81123763E+05
    35100.00      7.87890961E+05
    35200.00      7.94234187E+05
    35300.00      8.01061512E+05
    35400.00      8.08771517E+05
    35500.00      8.15812051E+05
    35600.00      8.21361958E+05
    35700.00      8.29084569E+05
    35800.00      8.35895928E+05
    35900.00      8.42773082E+05
    36000.00      8.50280662E+05
    36100.00      8.57176918E+05
    36200.00      8.63763441E+05
    36300.00      8.69742473E+05
    36400.00      8.76023946E+05
    36500.00      8.82220852E+05
    36600.00      8.88618834E+05
    36700.00      8.97297734E+05
    36800.00      9.05458591E+05
    36900.00      9.11706358E+05
    37000.00      9.17907552E+05
    37100.00      9.27206569E+05
    37200.00      9.32907262E+05
    37300.00      9.41280276E+05
    37400.00      9.48940730E+05
    37500.00      9.56295909E+05
    37600.00      9.63614987E+05
    37700.00      9.71435242E+05
    37800.00      9.76918781E+05
    37900.00      9.84104116E+05
    38000.00      9.92268244E+05
    38100.00      1.00089124E+06
    38200.00      1.00821679E+06
    38300.00      1.01502610E+06
    38400.00      1.02373159E+06
    38500.00      1.03042966E+06
    38600.00      1.03858946E+06
    38700.00      1.04770660E+06
    38800.00      1.05456633E+06
    38900.00      1.06249430E+06
    39000.00      1.07137255E+06
    39100.00      1.07839008E+06
    39200.00      1.08569816E+06
    39300.00      1.09457524E+06
    39400.00      1.10236549E+06
    39500.00      1.11194296E+06
    39600.00      1.12022860E+06
    39700.00      1.12648149E+06
    39800.00      1.13535634E+06
    39900.00      1.14371234E+06
    40000.00      1.15197586E+06
    40100.00      1.15952083E+06
    40200.00      1.16929267E+06
    40300.00      1.17796218E+06
    40400.00      1.18536971E+06
    40500.00      1.19398736E+06
    40600.00      1.20207697E+06
    40700.00      1.21005160E+06
    40800.00      1.22087868E+06
    40900.00      1.23111752E+06
    41000.00      1.23895957E+06
    41100.00      1.24656636E+06
    41200.00      1.25655171E+06
    41300.00      1.26423270E+06
    41400.00      1.27193239E+06
    41500.00      1.28371049E+06
    41600.00      1.28991393E+06
    41700.00      1.29920151E+06
    41800.00      1.31069894E+06
    41900.00      1.31637576E+06
    42000.00      1.32599655E+06
    42100.00      1.33552406E+06
    42200.00      1.34583629E+06
    42300.00      1.35643453E+06
    42400.00      1.36671239E+06
    42500.00      1.37443424E+06
    42600.00      1.38496638E+06
    42700.00      1.39317567E+06
    42800.00      1.40279721E+06
    42900.00      1.41238531E+06
    43000.00      1.42143352E+06
    43100.00      1.43138924E+06
    43200.00      1.44124390E+06
    43300.00      1.44786642E+06
    43400.00      1.45942282E+06
    43500.00      1.46756983E+06
    43600.00      1.47974568E+06
    43700.00      1.49172626E+06
    43800.00      1.50019697E+06
    43900.00      1.50980822E+06
    44000.00      1.52256350E+06
    44100.00      1.53023750E+06
    44200.00      1.54111782E+06
    44300.00      1.55218719E+06
    44400.00      1.56175805E+06
    44500.00      1.56923062E+06
    44600.00      1.58116090E+06
    44700.00      1.59015831E+06
    44800.00      1.59928497E+06
    44900.00      1.61019989E+06
    45000.00      1.62414333E+06
    45100.00      1.63259127E+06
    45200.00      1.64375077E+06
    45300.00      1.65504498E+06
    45400.00      1.66571221E+06
    45500.00      1.67610616E+06
    45600.00      1.68932889E+06
    45700.00      1.69892263E+06
    45800.00      1.70898451E+06
    45900.00      1.72009812E+06
    46000.00      1.73038051E+06
    46100.00      1.73853119E+06
    46200.00      1.75097871E+06
    46300.00      1.76112936E+06
    46400.00      1.77387461E+06
    46500.00      1.78695436E+06
    46600.00      1.79587261E+06
    46700.00      1.80800586E+06
    46800.00      1.81924264E+06
    46900.00      1.83152170E+06
    47000.00      1.84249449E+06
    47100.00      1.85537434E+06
    47200.00      1.86749765E+06
    47300.00      1.87763986E+06
    47400.00      1.88825666E+06
    47500.00      1.90000676E+06
    47600.00      1.90910141E+06
    47700.00      1.92103121E+06
    47800.00      1.93583886E+06
    47900.00      1.94789642E+06
    48000.00      1.95685200E+06
    48100.00      1.97265734E+06
    48200.00      1.98152475E+06
    48300.00      1.99350454E+06
    48400.00      2.00877389E+06
    48500.00      2.01916927E+06
    48600.00      2.03171941E+06
    48700.00      2.04621799E+06
    48800.00      2.05452098E+06
    48900.00      2.06754682E+06
    49000.00      2.07887362E+06
    49100.00      2.09227325E+06
    49200.00      2.10482113E+06
    49300.00      2.11743397E+06
    49400.00      2.12995511E+06
    49500.00      2.14397732E+06
    49600.00      2.15316675E+06
    49700.00      2.16898996E+06
    49800.00      2.17900891E+06
    49900.00      2.19334610E+06
    50000.00      2.20684847E+06
