        0.00      0.00000000E+00
      100.00      9.02450121E+01
      200.00      1.02478795E+02
      300.00      1.16116997E+02
      400.00      1.31282464E+02
      500.00      1.48103501E+02
      600.00      1.66713429E+02
      700.00      1.87250040E+02
      800.00      2.09854969E+02
      900.00      2.34672965E+02
     1000.00      2.61851085E+02
     1100.00      2.91537807E+02
     1200.00      3.23882085E+02
     1300.00      3.59032351E+02
     1400.00      3.97135487E+02
     1500.00      4.38335793E+02
     1600.00      4.82773960E+02
     1700.00      5.30586096E+02
     1800.00      5.81902804E+02
     1900.00      6.36848370E+02
     2000.00      6.95540066E+02
     2100.00      7.58087609E+02
     2200.00      8.24592783E+02
     2300.00      8.95149289E+02
     2400.00      9.69842775E+02
     2500.00      1.04875112E+03
     2600.00      1.13194494E+03
     2700.00      1.21948834E+03
     2800.00      1.31143987E+03
     2900.00      1.40785370E+03
     3000.00      1.50878096E+03
     3100.00      1.61427127E+03
     3200.00      1.72437426E+03
     3300.00      1.83914130E+03
     3400.00      1.95862701E+03
     3500.00      2.08289094E+03
     3600.00      2.21199891E+03
     3700.00      2.34602425E+03
     3800.00      2.48504882E+03
     3900.00      2.62916361E+03
     4000.00      2.77846914E+03
     4100.00      2.93307538E+03
     4200.00      3.09310127E+03
     4300.00      3.25867399E+03
     4400.00      3.42992765E+03
     4500.00      3.60700186E+03
     4600.00      3.79003987E+03
     4700.00      3.97918661E+03
     4800.00      4.17458654E+03
     4900.00      4.37638155E+03
     5000.00      4.58470894E+03
     5100.00      4.79969953E+03
     5200.00      5.02147618E+03
     5300.00      5.25015261E+03
     5400.00      5.48583275E+03
     5500.00      5.72861056E+03
     5600.00      5.97857046E+03
     5700.00      6.23578826E+03
     5800.00      6.50033262E+03
     5900.00      6.77226699E+03
     6000.00      7.05165182E+03
     6100.00      7.33854712E+03
     6200.00      7.63301498E+03
     6300.00      7.93512211E+03
     6400.00      8.24494211E+03
     6500.00      8.56255727E+03
     6600.00      8.88806006E+03
     6700.00      9.22155375E+03
     6800.00      9.56315241E+03
     6900.00      9.91298018E+03
     7000.00      1.02711698E+04
     7100.00      1.06378607E+04
     7200.00      1.10131957E+04
     7300.00      1.13973190E+04
     7400.00      1.17903720E+04
     7500.00      1.21924909E+04
     7600.00      1.26038035E+04
     7700.00      1.30244270E+04
     7800.00      1.34544664E+04
     7900.00      1.38940138E+04
     8000.00      1.43431483E+04
     8100.00      1.48019377E+04
     8200.00      1.52704402E+04
     8300.00      1.57487077E+04
     8400.00      1.62367890E+04
     8500.00      1.67347340E+04
     8600.00      1.72425975E+04
     8700.00      1.77604429E+04
     8800.00      1.82883454E+04
     8900.00      1.88263943E+04
     9000.00      1.93746941E+04
     9100.00      1.99333643E+04
     9200.00      2.05025381E+04
     9300.00      2.10823600E+04
     9400.00      2.16729821E+04
     9500.00      2.22745594E+04
     9600.00      2.28872454E+04
     9700.00      2.35111869E+04
     9800.00      2.41465198E+04
     9900.00      2.47933655E+04
    10000.00      2.54518286E+04
    10100.00      2.61219958E+04
    10200.00      2.68039366E+04
    10300.00      2.74977058E+04
    10400.00      2.82033470E+04
    10500.00      2.89208976E+04
    10600.00      2.96503942E+04
    10700.00      3.03918782E+04
    10800.00      3.11454015E+04
    10900.00      3.19110305E+04
    11000.00      3.26888492E+04
    11100.00      3.34789605E+04
    11200.00      3.42814856E+04
    11300.00      3.50965612E+04
    11400.00      3.59243351E+04
    11500.00      3.67649611E+04
    11600.00      3.76185922E+04
    11700.00      3.84853747E+04
    11800.00      3.93654426E+04
    11900.00      4.02589133E+04
    12000.00      4.11658855E+04
    12100.00      4.20864391E+04
    12200.00      4.30206381E+04
    12300.00      4.39685348E+04
    12400.00      4.49301765E+04
    12500.00      4.59056127E+04
    12600.00      4.68949035E+04
    12700.00      4.78981257E+04
    12800.00      4.89153785E+04
    12900.00      4.99467860E+04
    13000.00      5.09924969E+04
    13100.00      5.20526811E+04
    13200.00      5.31275224E+04
    13300.00      5.42172102E+04
    13400.00      5.53219282E+04
    13500.00      5.64418435E+04
    13600.00      5.75770968E+04
    13700.00      5.87277947E+04
    13800.00      5.98940059E+04
    13900.00      6.10757611E+04
    14000.00      6.22730585E+04
    14100.00      6.34858729E+04
    14200.00      6.47141688E+04
    14300.00      6.59579158E+04
    14400.00      6.72171047E+04
    14500.00      6.84917612E+04
    14600.00      6.97819579E+04
    14700.00      7.10878197E+04
    14800.00      7.24095243E+04
    14900.00      7.37472951E+04
    15000.00      7.51013892E+04
    15100.00      7.64720789E+04
    15200.00      7.78596314E+04
    15300.00      7.92642874E+04
    15400.00      8.06862421E+04
    15500.00      8.21256299E+04
    15600.00      8.35825183E+04
    15700.00      8.50569077E+04
    15800.00      8.65487412E+04
    15900.00      8.80579229E+04
    16000.00      8.95843407E+04
    16100.00      9.11278943E+04
    16200.00      9.26885214E+04
    16300.00      9.42662214E+04
    16400.00      9.58610708E+04
    16500.00      9.74732302E+04
    16600.00      9.91029390E+04
    16700.00      1.00750500E+05
    16800.00      1.02416252E+05
    16900.00      1.04100542E+05
    17000.00      1.05803688E+05
    17100.00      1.07525948E+05
    17200.00      1.09267495E+05
    17300.00      1.11028407E+05
    17400.00      1.12808660E+05
    17500.00      1.14608148E+05
    17600.00      1.16426706E+05
    17700.00      1.18264146E+05
    17800.00      1.20120302E+05
    17900.00      1.21995063E+05
    18000.00      1.23888411E+05
    18100.00      1.25800438E+05
    18200.00      1.27731351E+05
    18300.00      1.29681461E+05
    18400.00      1.31651150E+05
    18500.00      1.33640832E+05
    18600.00      1.35650903E+05
    18700.00      1.37681695E+05
    18800.00      1.39733437E+05
    18900.00      1.41806228E+05
    19000.00      1.43900037E+05
    19100.00      1.46014714E+05
    19200.00      1.48150032E+05
    19300.00      1.50305731E+05
    19400.00      1.52481587E+05
    19500.00      1.54677458E+05
    19600.00      1.56893338E+05
    19700.00      1.59129379E+05
    19800.00      1.61385889E+05
    19900.00      1.63663315E+05
    20000.00      1.65962180E+05
    20100.00      1.68283028E+05
    20200.00      1.70626341E+05
    20300.00      1.72992470E+05
    20400.00      1.75381588E+05
    20500.00      1.77793656E+05
    20600.00      1.80228438E+05
    20700.00      1.82685540E+05
    20800.00      1.85164478E+05
    20900.00      1.87664774E+05
    21000.00      1.90186050E+05
    21100.00      1.92728109E+05
    21200.00      1.95291003E+05
    21300.00      1.97875049E+05
    21400.00      2.00480809E+05
    21500.00      2.03109029E+05
    21600.00      2.05760540E+05
    21700.00      2.08436139E+05
    21800.00      2.11136474E+05
    21900.00      2.13861942E+05
    22000.00      2.16612631E+05
    22100.00      2.19388304E+05
    22200.00      2.22188446E+05
    22300.00      2.25012352E+05
    22400.00      2.27859262E+05
    22500.00      2.30728499E+05
    22600.00      2.33619610E+05
    22700.00      2.36532466E+05
    22800.00      2.39467316E+05
    22900.00      2.42424772E+05
    23000.00      2.45405733E+05
    23100.00      2.48411254E+05
    23200.00      2.51442389E+05
    23300.00      2.54500020E+05
    23400.00      2.57584718E+05
    23500.00      2.60696653E+05
    23600.00      2.63835576E+05
    23700.00      2.67000871E+05
    23800.00      2.70191683E+05
    23900.00      2.73407085E+05
    24000.00      2.76646268E+05
    24100.00      2.79908710E+05
    24200.00      2.83194299E+05
    24300.00      2.86503378E+05
    24400.00      2.89836703E+05
    24500.00      2.93195327E+05
    24600.00      2.96580420E+05
    24700.00      2.99993058E+05
    24800.00      3.03434030E+05
    24900.00      3.06903695E+05
    25000.00      3.10401922E+05
    25100.00      3.13928118E+05
    25200.00      3.17481363E+05
    25300.00      3.21060605E+05
    25400.00      3.24664892E+05
    25500.00      3.28293600E+05
    25600.00      3.31946588E+05
    25700.00      3.35624272E+05
    25800.00      3.39327584E+05
    25900.00      3.43057817E+05
    26000.00      3.46816397E+05
    26100.00      3.50604604E+05
    26200.00      3.54423324E+05
    26300.00      3.58272856E+05
    26400.00      3.62152844E+05
    26500.00      3.66062333E+05
    26600.00      3.69999961E+05
    26700.00      3.73964239E+05
    26800.00      3.77953878E+05
    26900.00      3.81968087E+05
    27000.00      3.86006789E+05
    27100.00      3.90070689E+05
    27200.00      3.94161190E+05
    27300.00      3.98280154E+05
    27400.00      4.02429555E+05
    27500.00      4.06611089E+05
    27600.00      4.10825822E+05
    27700.00      4.15073956E+05
    27800.00      4.19354761E+05
    27900.00      4.23666699E+05
    28000.00      4.28007738E+05
    28100.00      4.32375769E+05
    28200.00      4.36769079E+05
    28300.00      4.41186751E+05
    28400.00      4.45628927E+05
    28500.00      4.50096847E+05
    28600.00      4.54592669E+05
    28700.00      4.59119068E+05
    28800.00      4.63678718E+05
    28900.00      4.68273735E+05
    29000.00      4.72905213E+05
    29100.00      4.77572957E+05
    29200.00      4.82275469E+05
    29300.00      4.87010223E+05
    29400.00      4.91774166E+05
    29500.00      4.96564366E+05
    29600.00      5.01378668E+05
    29700.00      5.06216223E+05
    29800.00      5.11077761E+05
    29900.00      5.15965557E+05
    30000.00      5.20883056E+05
    30100.00      5.25834236E+05
    30200.00      5.30822828E+05
    30300.00      5.35851540E+05
    30400.00      5.40921463E+05
    30500.00      5.46031784E+05
    30600.00      5.51179880E+05
    30700.00      5.56361796E+05
    30800.00      5.61573023E+05
    30900.00      5.66809412E+05
    31000.00      5.72068068E+05
    31100.00      5.77348009E+05
    31200.00      5.82650457E+05
    31300.00      5.87978695E+05
    31400.00      5.93337486E+05
    31500.00      5.98732174E+05
    31600.00      6.04167643E+05
    31700.00      6.09647334E+05
    31800.00      6.15172528E+05
    31900.00      6.20742059E+05
    32000.00      6.26352506E+05
    32100.00      6.31998856E+05
    32200.00      6.37675495E+05
    32300.00      6.43377345E+05
    32400.00      6.49100905E+05
    32500.00      6.54844999E+05
    32600.00      6.60611058E+05
    32700.00      6.66402880E+05
    32800.00      6.72225923E+05
    32900.00      6.78086247E+05
    33000.00      6.83989339E+05
    33100.00      6.89939036E+05
    33200.00      6.95936785E+05
    33300.00      7.01981366E+05
    33400.00      7.08069152E+05
    33500.00      7.14194842E+05
    33600.00      7.20352527E+05
    33700.00      7.26536869E+05
    33800.00      7.32744160E+05
    33900.00      7.38973060E+05
    34000.00      7.45224854E+05
    34100.00      7.51503201E+05
    34200.00      7.57813418E+05
    34300.00      7.64161447E+05
    34400.00      7.70552717E+05
    34500.00      7.76991123E+05
    34600.00      7.83478315E+05
    34700.00      7.90013439E+05
    34800.00      7.96593361E+05
    34900.00      8.03213333E+05
    35000.00      8.09867958E+05
    35100.00      8.16552257E+05
    35200.00      8.23262631E+05
    35300.00      8.29997548E+05
    35400.00      8.36757799E+05
    35500.00      8.43546312E+05
    35600.00      8.50367552E+05
    35700.00      8.57226641E+05
    35800.00      8.64128368E+05
    35900.00      8.71076289E+05
    36000.00      8.78072094E+05
    36100.00      8.85115344E+05
    36200.00      8.92203639E+05
    36300.00      8.99333169E+05
    36400.00      9.06499518E+05
    36500.00      9.13698585E+05
    36600.00      9.20927404E+05
    36700.00      9.28184725E+05
    36800.00      9.35471232E+05
    36900.00      9.42789367E+05
    37000.00      9.50142794E+05
    37100.00      9.57535631E+05
    37200.00      9.64971609E+05
    37300.00      9.72453329E+05
    37400.00      9.79981777E+05
    37500.00      9.87556190E+05
    37600.00      9.95174299E+05
    37700.00      1.00283288E+06
    37800.00      1.01052852E+06
    37900.00      1.01825836E+06
    38000.00      1.02602076E+06
    38100.00      1.03381560E+06
    38200.00      1.04164436E+06
    38300.00      1.04950968E+06
    38400.00      1.05741486E+06
    38500.00      1.06536303E+06
    38600.00      1.07335657E+06
    38700.00      1.08139652E+06
    38800.00      1.08948247E+06
    38900.00      1.09761267E+06
    39000.00      1.10578449E+06
    39100.00      1.11399503E+06
    39200.00      1.12224184E+06
    39300.00      1.13052344E+06
    39400.00      1.13883972E+06
    39500.00      1.14719190E+06
    39600.00      1.15558231E+06
    39700.00      1.16401386E+06
    39800.00      1.17248941E+06
    39900.00      1.18101117E+06
    40000.00      1.18958021E+06
    40100.00      1.19819632E+06
    40200.00      1.20685800E+06
    40300.00      1.21556289E+06
    40400.00      1.22430821E+06
    40500.00      1.23309143E+06
    40600.00      1.24191077E+06
    40700.00      1.25076563E+06
    40800.00      1.25965669E+06
    40900.00      1.26858585E+06
    41000.00      1.27755586E+06
    41100.00      1.28656980E+06
    41200.00      1.29563048E+06
    41300.00      1.30473988E+06
    41400.00      1.31389878E+06
    41500.00      1.32310652E+06
    41600.00      1.33236113E+06
    41700.00      1.34165965E+06
    41800.00      1.35099872E+06
    41900.00      1.36037522E+06
    42000.00      1.36978699E+06
    42100.00      1.37923328E+06
    42200.00      1.38871507E+06
    42300.00      1.39823502E+06
    42400.00      1.40779701E+06
    42500.00      1.41740552E+06
    42600.00      1.42706474E+06
    42700.00      1.43677773E+06
    42800.00      1.44654572E+06
    42900.00      1.45636779E+06
    43000.00      1.46624094E+06
    43100.00      1.47616061E+06
    43200.00      1.48612151E+06
    43300.00      1.49611874E+06
    43400.00      1.50614879E+06
    43500.00      1.51621034E+06
    43600.00      1.52630461E+06
    43700.00      1.53643525E+06
    43800.00      1.54660767E+06
    43900.00      1.55682802E+06
    44000.00      1.56710197E+06
    44100.00      1.57743360E+06
    44200.00      1.58782459E+06
    44300.00      1.59827387E+06
    44400.00      1.60877782E+06
    44500.00      1.61933104E+06
    44600.00      1.62992735E+06
    44700.00      1.64056109E+06
    44800.00      1.65122813E+06
    44900.00      1.66192667E+06
    45000.00      1.67265750E+06
    45100.00      1.68342380E+06
    45200.00      1.69423036E+06
    45300.00      1.70508263E+06
    45400.00      1.71598557E+06
    45500.00      1.72694264E+06
    45600.00      1.73795514E+06
    45700.00      1.74902189E+06
    45800.00      1.76013943E+06
    45900.00      1.77130254E+06
    46000.00      1.78250501E+06
    46100.00      1.79374057E+06
    46200.00      1.80500358E+06
    46300.00      1.81628957E+06
    46400.00      1.82759548E+06
    46500.00      1.83891940E+06
    46600.00      1.85026029E+06
    46700.00      1.86161724E+06
    46800.00      1.87298886E+06
    46900.00      1.88437261E+06
    47000.00      1.89576423E+06
    47100.00      1.90715735E+06
    47200.00      1.91854311E+06
    47300.00      1.92991000E+06
    47400.00      1.94124362E+06
    47500.00      1.95252657E+06
    47600.00      1.96373840E+06
    47700.00      1.97485568E+06
    47800.00      1.98585215E+06
    47900.00      1.99669919E+06
    48000.00      2.00736626E+06
    48100.00      2.01782141E+06
    48200.00      2.02803170E+06
    48300.00      2.03796308E+06
    48400.00      2.04758000E+06
    48500.00      2.05684417E+06
    48600.00      2.06571302E+06
    48700.00      2.07413762E+06
    48800.00      2.08206081E+06
    48900.00      2.08941566E+06
    49000.00      2.09612481E+06
    49100.00      2.10210096E+06
    49200.00      2.10724864E+06
    49300.00      2.11146701E+06
    49400.00      2.11465338E+06
    49500.00      2.11670689E+06
    49600.00      2.11753151E+06
    49700.00      2.11703810E+06
    49800.00      2.11514477E+06
    49900.00      2.11177578E+06
    50000.00      2.10685914E+06
