        0.00      0.00000000E+00
      100.00      1.61772410E+01
      200.00      3.51257045E+01
      300.00      4.36032787E+01
      400.00      7.26387898E+01
      500.00      9.10269325E+01
      600.00      1.10478277E+02
      700.00      1.26306638E+02
      800.00      1.56528293E+02
      900.00      1.46209575E+02
     1000.00      1.95864531E+02
     1100.00      2.11715542E+02
     1200.00      2.05902392E+02
     1300.00      2.66605845E+02
     1400.00      2.88903799E+02
     1500.00      3.20741435E+02
     1600.00      3.98124881E+02
     1700.00      4.52275353E+02
     1800.00      4.58396799E+02
     1900.00      5.46260733E+02
     2000.00      6.45615187E+02
     2100.00      6.81555686E+02
     2200.00      6.77539050E+02
     2300.00      8.23902084E+02
     2400.00      8.40621019E+02
     2500.00      9.10883427E+02
     2600.00      9.66121353E+02
     2700.00      9.87781904E+02
     2800.00      1.13889388E+03
     2900.00      1.27694167E+03
     3000.00      1.30759097E+03
     3100.00      1.37753716E+03
     3200.00      1.54237602E+03
     3300.00      1.67590155E+03
     3400.00      1.74942365E+03
     3500.00      1.90501573E+03
     3600.00      1.97004623E+03
     3700.00      2.05988000E+03
     3800.00      2.31291894E+03
     3900.00      2.36052395E+03
     4000.00      2.44710369E+03
     4100.00      2.59655364E+03
     4200.00      2.70642796E+03
     4300.00      2.94862521E+03
     4400.00      3.14109214E+03
     4500.00      3.30208892E+03
     4600.00      3.35883407E+03
     4700.00      3.66432076E+03
     4800.00      3.87263744E+03
     4900.00      3.96053566E+03
     5000.00      4.18174824E+03
     5100.00      4.46114492E+03
     5200.00      4.61375643E+03
     5300.00      4.76183412E+03
     5400.00      4.92426615E+03
     5500.00      5.23531385E+03
     5600.00      5.50261979E+03
     5700.00      5.71883376E+03
     5800.00      6.01612281E+03
     5900.00      6.09652448E+03
     6000.00      6.54834867E+03
     6100.00      6.80853315E+03
     6200.00      7.07397739E+03
     6300.00      7.35161385E+03
     6400.00      7.62027227E+03
     6500.00      7.90614176E+03
     6600.00      8.31497185E+03
     6700.00      8.39667086E+03
     6800.00      8.82103830E+03
     6900.00      9.04244942E+03
     7000.00      9.60823054E+03
     7100.00      9.93992184E+03
     7200.00      1.02787743E+04
     7300.00      1.04041284E+04
     7400.00      1.08721747E+04
     7500.00      1.13316174E+04
     7600.00      1.20017317E+04
     7700.00      1.21353493E+04
     7800.00      1.25279614E+04
     7900.00      1.28730030E+04
     8000.00      1.33604147E+04
     8100.00      1.37173609E+04
     8200.00      1.40729984E+04
     8300.00      1.47353452E+04
     8400.00      1.51471484E+04
     8500.00      1.57973680E+04
     8600.00      1.60582783E+04
     8700.00      1.65506783E+04
     8800.00      1.69871675E+04
     8900.00      1.76176846E+04
     9000.00      1.81728208E+04
     9100.00      1.87533737E+04
     9200.00      1.93549305E+04
     9300.00      1.96768671E+04
     9400.00      2.03494673E+04
     9500.00      2.07331914E+04
     9600.00      2.12339320E+04
     9700.00      2.20293392E+04
     9800.00      2.26905539E+04
     9900.00      2.34680789E+04
    10000.00      2.38972123E+04
    10100.00      2.44074012E+04
    10200.00      2.51283381E+04
    10300.00      2.59397795E+04
    10400.00      2.65165486E+04
    10500.00      2.73274369E+04
    10600.00      2.77380692E+04
    10700.00      2.87841588E+04
    10800.00      2.91886706E+04
    10900.00      2.99679950E+04
    11000.00      3.07027405E+04
    11100.00      3.14701377E+04
    11200.00      3.23287403E+04
    11300.00      3.31534756E+04
    11400.00      3.38001958E+04
    11500.00      3.46190322E+04
    11600.00      3.53177562E+04
    11700.00      3.63541859E+04
    11800.00      3.72013883E+04
    11900.00      3.83381320E+04
    12000.00      3.86639259E+04
    12100.00      3.97139827E+04
    12200.00      4.05092555E+04
    12300.00      4.16690490E+04
    12400.00      4.21763693E+04
    12500.00      4.34097360E+04
    12600.00      4.41801420E+04
    12700.00      4.55757659E+04
    12800.00      4.62218881E+04
    12900.00      4.70138584E+04
    13000.00      4.82395610E+04
    13100.00      4.93455118E+04
    13200.00      5.04010230E+04
    13300.00      5.14035523E+04
    13400.00      5.23249759E+04
    13500.00      5.34067224E+04
    13600.00      5.45972438E+04
    13700.00      5.54938483E+04
    13800.00      5.64174926E+04
    13900.00      5.80825286E+04
    14000.00      5.89989217E+04
    14100.00      6.04466469E+04
    14200.00      6.12719240E+04
    14300.00      6.23295455E+04
    14400.00      6.37177523E+04
    14500.00      6.51171426E+04
    14600.00      6.62367498E+04
    14700.00      6.75425560E+04
    14800.00      6.85004272E+04
    14900.00      7.00291743E+04
    15000.00      7.16215589E+04
    15100.00      7.23400467E+04
    15200.00      7.39962035E+04
    15300.00      7.49568226E+04
    15400.00      7.70810575E+04
    15500.00      7.79005427E+04
    15600.00      7.92770535E+04
    15700.00      8.05541463E+04
    15800.00      8.25715617E+04
    15900.00      8.36987912E+04
    16000.00      8.52888625E+04
    16100.00      8.65021411E+04
    16200.00      8.82200884E+04
    16300.00      8.96886564E+04
    16400.00      9.13281001E+04
    16500.00      9.24083924E+04
    16600.00      9.44299832E+04
    16700.00      9.56935433E+04
    16800.00      9.75563820E+04
    16900.00      9.89646951E+04
    17000.00      1.00812678E+05
    17100.00      1.02015699E+05
    17200.00      1.04507974E+05
    17300.00      1.05853863E+05
    17400.00      1.07637285E+05
    17500.00      1.09187549E+05
    17600.00      1.10682912E+05
    17700.00      1.12305502E+05
    17800.00      1.14597057E+05
    17900.00      1.16238186E+05
    18000.00      1.17849732E+05
    18100.00      1.20222479E+05
    18200.00      1.22103364E+05
    18300.00      1.23456019E+05
    18400.00      1.25233372E+05
    18500.00      1.27332793E+05
    18600.00      1.29794804E+05
    18700.00      1.31316297E+05
    18800.00      1.33698284E+05
    18900.00      1.35158430E+05
    19000.00      1.37058315E+05
    19100.00      1.39343831E+05
    19200.00      1.41302906E+05
    19300.00      1.43063865E+05
    19400.00      1.45844788E+05
    19500.00      1.47633227E+05
    19600.00      1.50256687E+05
    19700.00      1.52227620E+05
    19800.00      1.53705850E+05
    19900.00      1.56403947E+05
    20000.00      1.58444396E+05
    20100.00      1.61167729E+05
    20200.00      1.62818850E+05
    20300.00      1.65282774E+05
    20400.00      1.67374378E+05
    20500.00      1.70202779E+05
    20600.00      1.72080982E+05
    20700.00      1.74568916E+05
    20800.00      1.76862628E+05
    20900.00      1.79843735E+05
    21000.00      1.82199626E+05
    21100.00      1.84506860E+05
    21200.00      1.86191018E+05
    21300.00      1.89445887E+05
    21400.00      1.91777875E+05
    21500.00      1.94148210E+05
    21600.00      1.96999744E+05
    21700.00      1.99209421E+05
    21800.00      2.01951707E+05
    21900.00      2.05270616E+05
    22000.00      2.07220264E+05
    22100.00      2.10044989E+05
    22200.00      2.12763451E+05
    22300.00      2.15527577E+05
    22400.00      2.18294719E+05
    22500.00      2.21147216E+05
    22600.00      2.23540644E+05
    22700.00      2.25933693E+05
    22800.00      2.29144466E+05
    22900.00      2.32950941E+05
    23000.00      2.34796730E+05
    23100.00      2.37991305E+05
    23200.00      2.40959918E+05
    23300.00      2.44595748E+05
    23400.00      2.46631715E+05
    23500.00      2.50146883E+05
    23600.00      2.52904854E+05
    23700.00      2.55885460E+05
    23800.00      2.59198162E+05
    23900.00      2.62190088E+05
    24000.00      2.64437993E+05
    24100.00      2.68300474E+05
    24200.00      2.71378486E+05
    24300.00      2.75147069E+05
    24400.00      2.78709693E+05
    24500.00      2.80909431E+05
    24600.00      2.84500418E+05
    24700.00      2.88325764E+05
    24800.00      2.91224312E+05
    24900.00      2.94510905E+05
    25000.00      2.97983184E+05
    25100.00      3.01326527E+05
    25200.00      3.04939173E+05
    25300.00      3.07636961E+05
    25400.00      3.11290730E+05
    25500.00      3.14459657E+05
    25600.00      3.19047204E+05
    25700.00      3.22620210E+05
    25800.00      3.26081753E+05
    25900.00      3.29264714E+05
    26000.00      3.33697491E+05
    26100.00      3.37165479E+05
    26200.00      3.40504414E+05
    26300.00      3.43993996E+05
    26400.00      3.48319344E+05
    26500.00      3.51810449E+05
    26600.00      3.55395366E+05
    26700.00      3.58498854E+05
    26800.00      3.62456119E+05
    26900.00      3.66560121E+05
    27000.00      3.71328662E+05
    27100.00      3.75785378E+05
    27200.00      3.78783903E+05
    27300.00      3.83027090E+05
    27400.00      3.87476279E+05
    27500.00      3.91197289E+05
    27600.00      3.95537234E+05
    27700.00      3.99014394E+05
    27800.00      4.03346866E+05
    27900.00      4.07433215E+05
    28000.00      4.11912346E+05
    28100.00      4.14264448E+05
    28200.00      4.19422929E+05
    28300.00      4.24057510E+05
    28400.00      4.28791985E+05
    28500.00      4.33904577E+05
    28600.00      4.37379056E+05
    28700.00      4.42322947E+05
    28800.00      4.46722997E+05
    28900.00      4.51209648E+05
    29000.00      4.55187852E+05
    29100.00      4.59869374E+05
    29200.00      4.64432778E+05
    29300.00      4.68741394E+05
    29400.00      4.73032035E+05
    29500.00      4.77115831E+05
    29600.00      4.81386963E+05
    29700.00      4.86481180E+05
    29800.00      4.92924938E+05
    29900.00      4.97465330E+05
    30000.00      5.01536237E+05
    30100.00      5.07071152E+05
    30200.00      5.12339661E+05
    30300.00      5.16258865E+05
    30400.00      5.21578363E+05
    30500.00      5.26108881E+05
    30600.00      5.31501829E+05
    30700.00      5.35967035E+05
    30800.00      5.40686949E+05
    30900.00      5.44372583E+05
    31000.00      5.49767353E+05
    31100.00      5.55929255E+05
    31200.00      5.61530689E+05
    31300.00      5.67237156E+05
    31400.00      5.72070130E+05
    31500.00      5.78054310E+05
    31600.00      5.83140626E+05
    31700.00      5.88177418E+05
    31800.00      5.94117726E+05
    31900.00      5.98708196E+05
    32000.00      6.03726658E+05
    32100.00      6.09556238E+05
    32200.00      6.14028399E+05
    32300.00      6.19117094E+05
    32400.00      6.24536895E+05
    32500.00      6.30539229E+05
    32600.00      6.37074968E+05
    32700.00      6.43344966E+05
    32800.00      6.47994635E+05
    32900.00      6.55244954E+05
    33000.00      6.60430205E+05
    33100.00      6.66874910E+05
    33200.00      6.71626410E+05
    33300.00      6.78410261E+05
    33400.00      6.84043667E+05
    33500.00      6.88733633E+05
    33600.00      6.94177019E+05
    33700.00      6.99728045E+05
    33800.00      7.04981544E+05
    33900.00      7.12389456E+05
    34000.00      7.19763419E+05
    34100.00      7.24992918E+05
    34200.00      7.31329584E+05
    34300.00      7.38315244E+05
    34400.00      7.44509408E+05
    34500.00      7.51050393E+05
    34600.00      7.58028202E+05
    34700.00      7.63075358E+05
    34800.00      7.69975846E+05
    34900.00      7.76269193E+05
    35000.00      7.80591038E+05
    35100.00      7.87336693E+05
    35200.00      7.93209953E+05
    35300.00      8.00418865E+05
    35400.00      8.08222784E+05
    35500.00      8.14694471E+05
    35600.00      8.20867024E+05
    35700.00      8.28247374E+05
    35800.00      8.35463098E+05
    35900.00      8.42287870E+05
    36000.00      8.49157666E+05
    36100.00      8.56537257E+05
    36200.00      8.63065961E+05
    36300.00      8.69330992E+05
    36400.00      8.75038403E+05
    36500.00      8.81877062E+05
    36600.00      8.88129149E+05
    36700.00      8.95529137E+05
    36800.00      9.05112015E+05
    36900.00      9.10811984E+05
    37000.00      9.17209079E+05
    37100.00      9.26166733E+05
    37200.00      9.32570994E+05
    37300.00      9.40274911E+05
    37400.00      9.48586531E+05
    37500.00      9.55230266E+05
    37600.00      9.62928525E+05
    37700.00      9.70467923E+05
    37800.00      9.76682407E+05
    37900.00      9.82963749E+05
    38000.00      9.91286308E+05
    38100.00      1.00015573E+06
    38200.00      1.00717357E+06
    38300.00      1.01396104E+06
    38400.00      1.02306904E+06
    38500.00      1.02981584E+06
    38600.00      1.03764186E+06
    38700.00      1.04685574E+06
    38800.00      1.05363486E+06
    38900.00      1.06170860E+06
    39000.00      1.07089505E+06
    39100.00      1.07771331E+06
    39200.00      1.08460605E+06
    39300.00      1.09347873E+06
    39400.00      1.10119427E+06
    39500.00      1.11070300E+06
    39600.00      1.11978048E+06
    39700.00      1.12538894E+06
    39800.00      1.13458715E+06
    39900.00      1.14278496E+06
    40000.00      1.15106577E+06
    40100.00      1.15904207E+06
    40200.00      1.16769108E+06
    40300.00      1.17703136E+06
    40400.00      1.18457238E+06
    40500.00      1.19350765E+06
    40600.00      1.20135156E+06
    40700.00      1.20868860E+06
    40800.00      1.21986011E+06
    40900.00      1.22948583E+06
    41000.00      1.23805154E+06
    41100.00      1.24547894E+06
    41200.00      1.25581659E+06
    41300.00      1.26336172E+06
    41400.00      1.27104965E+06
    41500.00      1.28249600E+06
    41600.00      1.28908534E+06
    41700.00      1.29860106E+06
    41800.00      1.30898646E+06
    41900.00      1.31592379E+06
    42000.00      1.32453696E+06
    42100.00      1.33477437E+06
    42200.00      1.34437212E+06
    42300.00      1.35572641E+06
    42400.00      1.36494645E+06
    42500.00      1.37336042E+06
    42600.00      1.38415701E+06
    42700.00      1.39209143E+06
    42800.00      1.40192757E+06
    42900.00      1.41135614E+06
    43000.00      1.41972396E+06
    43100.00      1.43086451E+06
    43200.00      1.44060708E+06
    43300.00      1.44644386E+06
    43400.00      1.45783201E+06
    43500.00      1.46684822E+06
    43600.00      1.47823479E+06
    43700.00      1.49066481E+06
    43800.00      1.49890889E+06
    43900.00      1.50867375E+06
    44000.00      1.52109140E+06
    44100.00      1.52948144E+06
    44200.00      1.53980163E+06
    44300.00      1.55110314E+06
    44400.00      1.56011136E+06
    44500.00      1.56868509E+06
    44600.00      1.57966017E+06
    44700.00      1.58961886E+06
    44800.00      1.59822140E+06
    44900.00      1.60838724E+06
    45000.00      1.62238758E+06
    45100.00      1.63149423E+06
    45200.00      1.64256207E+06
    45300.00      1.65362392E+06
    45400.00      1.66492751E+06
    45500.00      1.67464346E+06
    45600.00      1.68765873E+06
    45700.00      1.69757106E+06
    45800.00      1.70813187E+06
    45900.00      1.71890911E+06
    46000.00      1.72900936E+06
    46100.00      1.73750401E+06
    46200.00      1.74944358E+06
    46300.00      1.76042231E+06
    46400.00      1.77209710E+06
    46500.00      1.78416068E+06
    46600.00      1.79537585E+06
    46700.00      1.80637726E+06
    46800.00      1.81848537E+06
    46900.00      1.82951253E+06
    47000.00      1.84174040E+06
    47100.00      1.85367497E+06
    47200.00      1.86545036E+06
    47300.00      1.87664369E+06
    47400.00      1.88720524E+06
    47500.00      1.89825510E+06
    47600.00      1.90839017E+06
    47700.00      1.91932082E+06
    47800.00      1.93446472E+06
    47900.00      1.94614228E+06
    48000.00      1.95529227E+06
    48100.00      1.97052035E+06
    48200.00      1.98022454E+06
    48300.00      1.99238824E+06
    48400.00      2.00642813E+06
    48500.00      2.01817843E+06
    48600.00      2.03040437E+06
    48700.00      2.04428008E+06
    48800.00      2.05345913E+06
    48900.00      2.06623597E+06
    49000.00      2.07698464E+06
    49100.00      2.09075364E+06
    49200.00      2.10347451E+06
    49300.00      2.11534886E+06
    49400.00      2.12912436E+06
    49500.00      2.14203496E+06
    49600.00      2.15112799E+06
    49700.00      2.16646796E+06
    49800.00      2.17807940E+06
    49900.00      2.19139343E+06
    50000.00      2.20537704E+06
