        0.00      0.00000000E+00
      100.00      9.02289034E+01
      200.00      1.02459478E+02
      300.00      1.16093992E+02
      400.00      1.31255243E+02
      500.00      1.48071483E+02
      600.00      1.66675977E+02
      700.00      1.87206462E+02
      800.00      2.09804513E+02
      900.00      2.34614822E+02
     1000.00      2.61784385E+02
     1100.00      2.91461622E+02
     1200.00      3.23795427E+02
     1300.00      3.58934173E+02
     1400.00      3.97024687E+02
     1500.00      4.38211211E+02
     1600.00      4.82634385E+02
     1700.00      5.30430264E+02
     1800.00      5.81729405E+02
     1900.00      6.36656045E+02
     2000.00      6.95327413E+02
     2100.00      7.57853181E+02
     2200.00      8.24335097E+02
     2300.00      8.94866818E+02
     2400.00      9.69533952E+02
     2500.00      1.04841433E+03
     2600.00      1.13157854E+03
     2700.00      1.21909062E+03
     2800.00      1.31100907E+03
     2900.00      1.40738801E+03
     3000.00      1.50827849E+03
     3100.00      1.61373005E+03
     3200.00      1.72379225E+03
     3300.00      1.83851632E+03
     3400.00      1.95795683E+03
     3500.00      2.08217315E+03
     3600.00      2.21123098E+03
     3700.00      2.34520352E+03
     3800.00      2.48417244E+03
     3900.00      2.62822859E+03
     4000.00      2.77747231E+03
     4100.00      2.93201337E+03
     4200.00      3.09197056E+03
     4300.00      3.25747087E+03
     4400.00      3.42864824E+03
     4500.00      3.60564211E+03
     4600.00      3.78859559E+03
     4700.00      3.97765348E+03
     4800.00      4.17296011E+03
     4900.00      4.37465729E+03
     5000.00      4.58288223E+03
     5100.00      4.79776572E+03
     5200.00      5.01943058E+03
     5300.00      5.24799053E+03
     5400.00      5.48354953E+03
     5500.00      5.72620157E+03
     5600.00      5.97603112E+03
     5700.00      6.23311406E+03
     5800.00      6.49751912E+03
     5900.00      6.76930981E+03
     6000.00      7.04854668E+03
     6100.00      7.33528979E+03
     6200.00      7.62960132E+03
     6300.00      7.93154803E+03
     6400.00      8.24120354E+03
     6500.00      8.55865026E+03
     6600.00      8.88398067E+03
     6700.00      9.21729809E+03
     6800.00      9.55871664E+03
     6900.00      9.90836055E+03
     7000.00      1.02663627E+04
     7100.00      1.06328624E+04
     7200.00      1.10080030E+04
     7300.00      1.13919286E+04
     7400.00      1.17847810E+04
     7500.00      1.21866965E+04
     7600.00      1.25978034E+04
     7700.00      1.30182192E+04
     7800.00      1.34480493E+04
     7900.00      1.38873861E+04
     8000.00      1.43363093E+04
     8100.00      1.47948870E+04
     8200.00      1.52631780E+04
     8300.00      1.57412343E+04
     8400.00      1.62291052E+04
     8500.00      1.67268407E+04
     8600.00      1.72344958E+04
     8700.00      1.77521340E+04
     8800.00      1.82798303E+04
     8900.00      1.88176739E+04
     9000.00      1.93657689E+04
     9100.00      1.99242341E+04
     9200.00      2.04932024E+04
     9300.00      2.10728173E+04
     9400.00      2.16632299E+04
     9500.00      2.22645944E+04
     9600.00      2.28770629E+04
     9700.00      2.35007813E+04
     9800.00      2.41358840E+04
     9900.00      2.47824913E+04
    10000.00      2.54407063E+04
    10100.00      2.61106146E+04
    10200.00      2.67922846E+04
    10300.00      2.74857699E+04
    10400.00      2.81911134E+04
    10500.00      2.89083516E+04
    10600.00      2.96375206E+04
    10700.00      3.03786618E+04
    10800.00      3.11318271E+04
    10900.00      3.18970832E+04
    11000.00      3.26745149E+04
    11100.00      3.34642262E+04
    11200.00      3.42663396E+04
    11300.00      3.50809934E+04
    11400.00      3.59083373E+04
    11500.00      3.67485270E+04
    11600.00      3.76017175E+04
    11700.00      3.84680572E+04
    11800.00      3.93476818E+04
    11900.00      4.02407101E+04
    12000.00      4.11472421E+04
    12100.00      4.20673584E+04
    12200.00      4.30011228E+04
    12300.00      4.39485873E+04
    12400.00      4.49097977E+04
    12500.00      4.58848022E+04
    12600.00      4.68736580E+04
    12700.00      4.78764393E+04
    12800.00      4.88932420E+04
    12900.00      4.99241869E+04
    13000.00      5.09694191E+04
    13100.00      5.20291051E+04
    13200.00      5.31034256E+04
    13300.00      5.41925670E+04
    13400.00      5.52967105E+04
    13500.00      5.64160211E+04
    13600.00      5.75506379E+04
    13700.00      5.87006659E+04
    13800.00      5.98661724E+04
    13900.00      6.10471866E+04
    14000.00      6.22437051E+04
    14100.00      6.34557006E+04
    14200.00      6.46831348E+04
    14300.00      6.59259742E+04
    14400.00      6.71842051E+04
    14500.00      6.84578489E+04
    14600.00      6.97469728E+04
    14700.00      7.10516960E+04
    14800.00      7.23721904E+04
    14900.00      7.37086743E+04
    15000.00      7.50613997E+04
    15100.00      7.64306350E+04
    15200.00      7.78166446E+04
    15300.00      7.92196678E+04
    15400.00      8.06398996E+04
    15500.00      8.20774764E+04
    15600.00      8.35324682E+04
    15700.00      8.50048795E+04
    15800.00      8.64946583E+04
    15900.00      8.80017138E+04
    16000.00      8.95259396E+04
    16100.00      9.10672406E+04
    16200.00      9.26255594E+04
    16300.00      9.42008997E+04
    16400.00      9.57933422E+04
    16500.00      9.74030511E+04
    16600.00      9.90302693E+04
    16700.00      1.00675303E+05
    16800.00      1.02338498E+05
    16900.00      1.04020205E+05
    17000.00      1.05720750E+05
    17100.00      1.07440401E+05
    17200.00      1.09179342E+05
    17300.00      1.10937663E+05
    17400.00      1.12715354E+05
    17500.00      1.14512323E+05
    17600.00      1.16328419E+05
    17700.00      1.18163468E+05
    17800.00      1.20017312E+05
    17900.00      1.21889849E+05
    18000.00      1.23781063E+05
    18100.00      1.25691045E+05
    18200.00      1.27619999E+05
    18300.00      1.29568223E+05
    18400.00      1.31536087E+05
    18500.00      1.33523986E+05
    18600.00      1.35532298E+05
    18700.00      1.37561336E+05
    18800.00      1.39611307E+05
    18900.00      1.41682293E+05
    19000.00      1.43774244E+05
    19100.00      1.45886999E+05
    19200.00      1.48020320E+05
    19300.00      1.50173942E+05
    19400.00      1.52347637E+05
    19500.00      1.54541266E+05
    19600.00      1.56754825E+05
    19700.00      1.58988469E+05
    19800.00      1.61242516E+05
    19900.00      1.63517417E+05
    20000.00      1.65813707E+05
    20100.00      1.68131934E+05
    20200.00      1.70472590E+05
    20300.00      1.72836036E+05
    20400.00      1.75222456E+05
    20500.00      1.77631824E+05
    20600.00      1.80063918E+05
    20700.00      1.82518360E+05
    20800.00      1.84994685E+05
    20900.00      1.87492435E+05
    21000.00      1.90011247E+05
    21100.00      1.92550945E+05
    21200.00      1.95111591E+05
    21300.00      1.97693507E+05
    21400.00      2.00297256E+05
    21500.00      2.02923572E+05
    21600.00      2.05573263E+05
    21700.00      2.08247098E+05
    21800.00      2.10945682E+05
    21900.00      2.13669369E+05
    22000.00      2.16418195E+05
    22100.00      2.19191877E+05
    22200.00      2.21989860E+05
    22300.00      2.24811410E+05
    22400.00      2.27655751E+05
    22500.00      2.30522212E+05
    22600.00      2.33410363E+05
    22700.00      2.36320118E+05
    22800.00      2.39251783E+05
    22900.00      2.42206038E+05
    23000.00      2.45183853E+05
    23100.00      2.48186353E+05
    23200.00      2.51214646E+05
    23300.00      2.54269652E+05
    23400.00      2.57351952E+05
    23500.00      2.60461707E+05
    23600.00      2.63598625E+05
    23700.00      2.66762032E+05
    23800.00      2.69950998E+05
    23900.00      2.73164516E+05
    24000.00      2.76401703E+05
    24100.00      2.79661977E+05
    24200.00      2.82945189E+05
    24300.00      2.86251673E+05
    24400.00      2.89582204E+05
    24500.00      2.92937880E+05
    24600.00      2.96319931E+05
    24700.00      2.99729502E+05
    24800.00      3.03167447E+05
    24900.00      3.06634175E+05
    25000.00      3.10129578E+05
    25100.00      3.13653062E+05
    25200.00      3.17203674E+05
    25300.00      3.20780310E+05
    25400.00      3.24381957E+05
    25500.00      3.28007925E+05
    25600.00      3.31658027E+05
    25700.00      3.35332662E+05
    25800.00      3.39032776E+05
    25900.00      3.42759715E+05
    26000.00      3.46514986E+05
    26100.00      3.50299969E+05
    26200.00      3.54115645E+05
    26300.00      3.57962391E+05
    26400.00      3.61839885E+05
    26500.00      3.65747159E+05
    26600.00      3.69682772E+05
    26700.00      3.73645110E+05
    26800.00      3.77632719E+05
    26900.00      3.81644633E+05
    27000.00      3.85680618E+05
    27100.00      3.89741271E+05
    27200.00      3.93827962E+05
    27300.00      3.97942611E+05
    27400.00      4.02087338E+05
    27500.00      4.06264059E+05
    27600.00      4.10474107E+05
    27700.00      4.14717946E+05
    27800.00      4.18995066E+05
    27900.00      4.23304059E+05
    28000.00      4.27642900E+05
    28100.00      4.32009354E+05
    28200.00      4.36401451E+05
    28300.00      4.40817926E+05
    28400.00      4.45258527E+05
    28500.00      4.49724127E+05
    28600.00      4.54216603E+05
    28700.00      4.58738504E+05
    28800.00      4.63292556E+05
    28900.00      4.67881126E+05
    29000.00      4.72505727E+05
    29100.00      4.77166691E+05
    29200.00      4.81863082E+05
    29300.00      4.86592869E+05
    29400.00      4.91353340E+05
    29500.00      4.96141680E+05
    29600.00      5.00955585E+05
    29700.00      5.05793796E+05
    29800.00      5.10656428E+05
    29900.00      5.15545013E+05
    30000.00      5.20462252E+05
    30100.00      5.25411500E+05
    30200.00      5.30396090E+05
    30300.00      5.35418651E+05
    30400.00      5.40480530E+05
    30500.00      5.45581490E+05
    30600.00      5.50719715E+05
    30700.00      5.55892166E+05
    30800.00      5.61095204E+05
    30900.00      5.66325356E+05
    31000.00      5.71580082E+05
    31100.00      5.76858363E+05
    31200.00      5.82160979E+05
    31300.00      5.87490428E+05
    31400.00      5.92850471E+05
    31500.00      5.98245396E+05
    31600.00      6.03679163E+05
    31700.00      6.09154583E+05
    31800.00      6.14672729E+05
    31900.00      6.20232696E+05
    32000.00      6.25831763E+05
    32100.00      6.31465945E+05
    32200.00      6.37130822E+05
    32300.00      6.42822459E+05
    32400.00      6.48538257E+05
    32500.00      6.54277524E+05
    32600.00      6.60041666E+05
    32700.00      6.65833943E+05
    32800.00      6.71658843E+05
    32900.00      6.77521192E+05
    33000.00      6.83425192E+05
    33100.00      6.89373582E+05
    33200.00      6.95367095E+05
    33300.00      7.01404320E+05
    33400.00      7.07482011E+05
    33500.00      7.13595757E+05
    33600.00      7.19740898E+05
    33700.00      7.25913483E+05
    33800.00      7.32111076E+05
    33900.00      7.38333261E+05
    34000.00      7.44581722E+05
    34100.00      7.50859911E+05
    34200.00      7.57172357E+05
    34300.00      7.63523771E+05
    34400.00      7.69918125E+05
    34500.00      7.76357887E+05
    34600.00      7.82843578E+05
    34700.00      7.89373711E+05
    34800.00      7.95945135E+05
    34900.00      8.02553708E+05
    35000.00      8.09195148E+05
    35100.00      8.15865897E+05
    35200.00      8.22563827E+05
    35300.00      8.29288655E+05
    35400.00      8.36041976E+05
    35500.00      8.42826933E+05
    35600.00      8.49647588E+05
    35700.00      8.56508121E+05
    35800.00      8.63412021E+05
    35900.00      8.70361434E+05
    36000.00      8.77356786E+05
    36100.00      8.84396754E+05
    36200.00      8.91478588E+05
    36300.00      8.98598712E+05
    36400.00      9.05753478E+05
    36500.00      9.12939925E+05
    36600.00      9.20156388E+05
    36700.00      9.27402832E+05
    36800.00      9.34680858E+05
    36900.00      9.41993356E+05
    37000.00      9.49343920E+05
    37100.00      9.56736099E+05
    37200.00      9.64172682E+05
    37300.00      9.71655138E+05
    37400.00      9.79183340E+05
    37500.00      9.86755630E+05
    37600.00      9.94369212E+05
    37700.00      1.00202078E+06
    37800.00      1.00970726E+06
    37900.00      1.01742651E+06
    38000.00      1.02517778E+06
    38100.00      1.03296192E+06
    38200.00      1.04078121E+06
    38300.00      1.04863888E+06
    38400.00      1.05653843E+06
    38500.00      1.06448287E+06
    38600.00      1.07247412E+06
    38700.00      1.08051256E+06
    38800.00      1.08859703E+06
    38900.00      1.09672505E+06
    39000.00      1.10489343E+06
    39100.00      1.11309894E+06
    39200.00      1.12133908E+06
    39300.00      1.12961259E+06
    39400.00      1.13791978E+06
    39500.00      1.14626247E+06
    39600.00      1.15464357E+06
    39700.00      1.16306654E+06
    39800.00      1.17153465E+06
    39900.00      1.18005030E+06
    40000.00      1.18861455E+06
    40100.00      1.19722694E+06
    40200.00      1.20588559E+06
    40300.00      1.21458763E+06
    40400.00      1.22332979E+06
    40500.00      1.23210910E+06
    40600.00      1.24092346E+06
    40700.00      1.24977214E+06
    40800.00      1.25865589E+06
    40900.00      1.26757683E+06
    41000.00      1.27653805E+06
    41100.00      1.28554305E+06
    41200.00      1.29459504E+06
    41300.00      1.30369635E+06
    41400.00      1.31284798E+06
    41500.00      1.32204938E+06
    41600.00      1.33129854E+06
    41700.00      1.34059238E+06
    41800.00      1.34992731E+06
    41900.00      1.35929998E+06
    42000.00      1.36870797E+06
    42100.00      1.37815030E+06
    42200.00      1.38762776E+06
    42300.00      1.39714286E+06
    42400.00      1.40669936E+06
    42500.00      1.41630167E+06
    42600.00      1.42595395E+06
    42700.00      1.43565929E+06
    42800.00      1.44541905E+06
    42900.00      1.45523251E+06
    43000.00      1.46509696E+06
    43100.00      1.47500815E+06
    43200.00      1.48496118E+06
    43300.00      1.49495142E+06
    43400.00      1.50497555E+06
    43500.00      1.51503225E+06
    43600.00      1.52512255E+06
    43700.00      1.53524969E+06
    43800.00      1.54541856E+06
    43900.00      1.55563473E+06
    44000.00      1.56590337E+06
    44100.00      1.57622824E+06
    44200.00      1.58661098E+06
    44300.00      1.59705076E+06
    44400.00      1.60754446E+06
    44500.00      1.61808732E+06
    44600.00      1.62867386E+06
    44700.00      1.63929894E+06
    44800.00      1.64995871E+06
    44900.00      1.66065134E+06
    45000.00      1.67137724E+06
    45100.00      1.68213897E+06
    45200.00      1.69294064E+06
    45300.00      1.70378704E+06
    45400.00      1.71468274E+06
    45500.00      1.72563112E+06
    45600.00      1.73663373E+06
    45700.00      1.74768994E+06
    45800.00      1.75879693E+06
    45900.00      1.76995014E+06
    46000.00      1.78114381E+06
    46100.00      1.79237178E+06
    46200.00      1.80362822E+06
    46300.00      1.81490819E+06
    46400.00      1.82620797E+06
    46500.00      1.83752505E+06
    46600.00      1.84885793E+06
    46700.00      1.86020553E+06
    46800.00      1.87156663E+06
    46900.00      1.88293912E+06
    47000.00      1.89431934E+06
    47100.00      1.90570151E+06
    47200.00      1.91707723E+06
    47300.00      1.92843522E+06
    47400.00      1.93976101E+06
    47500.00      1.95103693E+06
    47600.00      1.96224209E+06
    47700.00      1.97335260E+06
    47800.00      1.98434187E+06
    47900.00      1.99518107E+06
    48000.00      2.00583966E+06
    48100.00      2.01628589E+06
    48200.00      2.02648705E+06
    48300.00      2.03640945E+06
    48400.00      2.04601779E+06
    48500.00      2.05527405E+06
    48600.00      2.06413580E+06
    48700.00      2.07255432E+06
    48800.00      2.08047257E+06
    48900.00      2.08782375E+06
    49000.00      2.09453062E+06
    49100.00      2.10050591E+06
    49200.00      2.10565400E+06
    49300.00      2.10987376E+06
    49400.00      2.11306206E+06
    49500.00      2.11511745E+06
    49600.00      2.11594342E+06
    49700.00      2.11545051E+06
    49800.00      2.11355685E+06
    49900.00      2.11018715E+06
    50000.00      2.10527034E+06
