        0.00      0.00000000E+00
      100.00      4.85423969E+01
      200.00      1.05400304E+02
      300.00      1.30838644E+02
      400.00      2.17964355E+02
      500.00      2.73140951E+02
      600.00      3.31507853E+02
      700.00      3.79003417E+02
      800.00      4.69688361E+02
      900.00      4.38725446E+02
     1000.00      6.21682798E+02
     1100.00      6.20979813E+02
     1200.00      6.13424632E+02
     1300.00      7.97639878E+02
     1400.00      8.16841995E+02
     1500.00      8.55953295E+02
     1600.00      1.01443445E+03
     1700.00      1.03310847E+03
     1800.00      9.70980663E+02
     1900.00      1.13756707E+03
     2000.00      1.26438053E+03
     2100.00      1.23730087E+03
     2200.00      1.21169558E+03
     2300.00      1.41242146E+03
     2400.00      1.44663549E+03
     2500.00      1.52630814E+03
     2600.00      1.46260623E+03
     2700.00      1.52686458E+03
     2800.00      1.71106875E+03
     2900.00      1.84342155E+03
     3000.00      1.79599716E+03
     3100.00      1.79741088E+03
     3200.00      1.96458599E+03
     3300.00      2.06168519E+03
     3400.00      2.07408769E+03
     3500.00      2.14882219E+03
     3600.00      2.07079039E+03
     3700.00      2.18815780E+03
     3800.00      2.38317223E+03
     3900.00      2.44412164E+03
     4000.00      2.42861227E+03
     4100.00      2.40817685E+03
     4200.00      2.38879165E+03
     4300.00      2.69436665E+03
     4400.00      2.69728763E+03
     4500.00      2.92515474E+03
     4600.00      2.70336509E+03
     4700.00      2.85895725E+03
     4800.00      2.85660563E+03
     4900.00      3.15352163E+03
     5000.00      3.16258246E+03
     5100.00      3.24144679E+03
     5200.00      3.17523072E+03
     5300.00      3.44543156E+03
     5400.00      3.39708365E+03
     5500.00      3.87842421E+03
     5600.00      3.88876949E+03
     5700.00      4.01242280E+03
     5800.00      4.05075933E+03
     5900.00      4.26178798E+03
     6000.00      4.29739578E+03
     6100.00      4.74127811E+03
     6200.00      5.02900253E+03
     6300.00      5.11262879E+03
     6400.00      5.13542109E+03
     6500.00      5.53890284E+03
     6600.00      5.47571266E+03
     6700.00      5.60473939E+03
     6800.00      6.01591462E+03
     6900.00      6.08363578E+03
     7000.00      6.53358449E+03
     7100.00      6.36547425E+03
     7200.00      6.82773797E+03
     7300.00      6.76710390E+03
     7400.00      7.03451289E+03
     7500.00      7.17212008E+03
     7600.00      7.40821278E+03
     7700.00      7.82905381E+03
     7800.00      7.94631152E+03
     7900.00      7.82844074E+03
     8000.00      8.06520467E+03
     8100.00      8.35026311E+03
     8200.00      8.41615830E+03
     8300.00      8.84877804E+03
     8400.00      9.05110692E+03
     8500.00      9.14802671E+03
     8600.00      9.33973442E+03
     8700.00      9.56024650E+03
     8800.00      9.64292232E+03
     8900.00      9.90293974E+03
     9000.00      9.75537756E+03
     9100.00      1.04678623E+04
     9200.00      1.06917640E+04
     9300.00      1.04546229E+04
     9400.00      1.10969248E+04
     9500.00      1.10123054E+04
     9600.00      1.11199664E+04
     9700.00      1.12685784E+04
     9800.00      1.14560201E+04
     9900.00      1.16668824E+04
    10000.00      1.23511424E+04
    10100.00      1.22819127E+04
    10200.00      1.28068125E+04
    10300.00      1.24900946E+04
    10400.00      1.31674300E+04
    10500.00      1.31439717E+04
    10600.00      1.36648440E+04
    10700.00      1.36344313E+04
    10800.00      1.41978320E+04
    10900.00      1.43294784E+04
    11000.00      1.50024024E+04
    11100.00      1.52170430E+04
    11200.00      1.56210892E+04
    11300.00      1.55693944E+04
    11400.00      1.62143617E+04
    11500.00      1.61733462E+04
    11600.00      1.63203794E+04
    11700.00      1.69123056E+04
    11800.00      1.77701521E+04
    11900.00      1.84871347E+04
    12000.00      1.80666039E+04
    12100.00      1.87540223E+04
    12200.00      1.89581199E+04
    12300.00      1.92114448E+04
    12400.00      1.93515294E+04
    12500.00      1.96174851E+04
    12600.00      2.05440567E+04
    12700.00      2.14346196E+04
    12800.00      2.11433420E+04
    12900.00      2.18026357E+04
    13000.00      2.17621741E+04
    13100.00      2.22269906E+04
    13200.00      2.27527278E+04
    13300.00      2.30668761E+04
    13400.00      2.34358843E+04
    13500.00      2.36223293E+04
    13600.00      2.43002642E+04
    13700.00      2.47528013E+04
    13800.00      2.49014647E+04
    13900.00      2.50753317E+04
    14000.00      2.60278151E+04
    14100.00      2.64556414E+04
    14200.00      2.61191751E+04
    14300.00      2.72512947E+04
    14400.00      2.70559478E+04
    14500.00      2.73970059E+04
    14600.00      2.76299802E+04
    14700.00      2.81668426E+04
    14800.00      2.92932039E+04
    14900.00      2.99603152E+04
    15000.00      2.94380217E+04
    15100.00      3.05292046E+04
    15200.00      3.03001667E+04
    15300.00      3.07693457E+04
    15400.00      3.15039445E+04
    15500.00      3.15189938E+04
    15600.00      3.13729633E+04
    15700.00      3.32280178E+04
    15800.00      3.36090255E+04
    15900.00      3.46195472E+04
    16000.00      3.44591571E+04
    16100.00      3.49749932E+04
    16200.00      3.52532251E+04
    16300.00      3.60408149E+04
    16400.00      3.60273362E+04
    16500.00      3.62072801E+04
    16600.00      3.73108664E+04
    16700.00      3.82600469E+04
    16800.00      3.94137774E+04
    16900.00      3.95913418E+04
    17000.00      4.00986913E+04
    17100.00      4.01605836E+04
    17200.00      4.10738169E+04
    17300.00      4.09972542E+04
    17400.00      4.15030635E+04
    17500.00      4.30812620E+04
    17600.00      4.40096419E+04
    17700.00      4.39156057E+04
    17800.00      4.47938646E+04
    17900.00      4.53119075E+04
    18000.00      4.57032545E+04
    18100.00      4.65398197E+04
    18200.00      4.71328307E+04
    18300.00      4.76745808E+04
    18400.00      4.86593299E+04
    18500.00      4.94166522E+04
    18600.00      5.00060758E+04
    18700.00      5.00550269E+04
    18800.00      5.06727257E+04
    18900.00      5.16377580E+04
    19000.00      5.20181653E+04
    19100.00      5.24933630E+04
    19200.00      5.38602951E+04
    19300.00      5.41453919E+04
    19400.00      5.50433084E+04
    19500.00      5.50937158E+04
    19600.00      5.57751851E+04
    19700.00      5.69833374E+04
    19800.00      5.83160483E+04
    19900.00      5.75485480E+04
    20000.00      5.87993038E+04
    20100.00      5.88263327E+04
    20200.00      5.92627730E+04
    20300.00      6.07706234E+04
    20400.00      6.13651653E+04
    20500.00      6.21587023E+04
    20600.00      6.37632719E+04
    20700.00      6.37726940E+04
    20800.00      6.56216595E+04
    20900.00      6.53008358E+04
    21000.00      6.54008634E+04
    21100.00      6.70847354E+04
    21200.00      6.68462772E+04
    21300.00      6.68236887E+04
    21400.00      6.83612218E+04
    21500.00      6.99994579E+04
    21600.00      7.16004978E+04
    21700.00      7.25620095E+04
    21800.00      7.29303636E+04
    21900.00      7.35460969E+04
    22000.00      7.40200374E+04
    22100.00      7.51106904E+04
    22200.00      7.47687041E+04
    22300.00      7.57784786E+04
    22400.00      7.72504564E+04
    22500.00      7.89224441E+04
    22600.00      7.95812781E+04
    22700.00      8.00087098E+04
    22800.00      8.07587110E+04
    22900.00      8.24897277E+04
    23000.00      8.25356669E+04
    23100.00      8.39303198E+04
    23200.00      8.50493378E+04
    23300.00      8.61391364E+04
    23400.00      8.68260845E+04
    23500.00      8.74341216E+04
    23600.00      8.82822185E+04
    23700.00      8.92748516E+04
    23800.00      9.04476023E+04
    23900.00      9.07427487E+04
    24000.00      9.14403522E+04
    24100.00      9.35440214E+04
    24200.00      9.46321198E+04
    24300.00      9.63585560E+04
    24400.00      9.61313247E+04
    24500.00      9.63834314E+04
    24600.00      9.82260343E+04
    24700.00      9.95465127E+04
    24800.00      9.96659762E+04
    24900.00      1.01195572E+05
    25000.00      1.01788627E+05
    25100.00      1.01905002E+05
    25200.00      1.04219395E+05
    25300.00      1.04433644E+05
    25400.00      1.05638370E+05
    25500.00      1.08388389E+05
    25600.00      1.08422907E+05
    25700.00      1.09813537E+05
    25800.00      1.10688789E+05
    25900.00      1.10252355E+05
    26000.00      1.12693198E+05
    26100.00      1.13458625E+05
    26200.00      1.14499218E+05
    26300.00      1.15582285E+05
    26400.00      1.16404531E+05
    26500.00      1.18950765E+05
    26600.00      1.19770049E+05
    26700.00      1.20384936E+05
    26800.00      1.21835246E+05
    26900.00      1.22191693E+05
    27000.00      1.22883568E+05
    27100.00      1.24245541E+05
    27200.00      1.25578619E+05
    27300.00      1.28140606E+05
    27400.00      1.29780320E+05
    27500.00      1.30346291E+05
    27600.00      1.30716815E+05
    27700.00      1.32101926E+05
    27800.00      1.33919211E+05
    27900.00      1.33488040E+05
    28000.00      1.35549561E+05
    28100.00      1.36610828E+05
    28200.00      1.38751918E+05
    28300.00      1.40617149E+05
    28400.00      1.40617138E+05
    28500.00      1.41800859E+05
    28600.00      1.44751327E+05
    28700.00      1.44380410E+05
    28800.00      1.45824599E+05
    28900.00      1.47245175E+05
    29000.00      1.49143098E+05
    29100.00      1.50471355E+05
    29200.00      1.52078302E+05
    29300.00      1.53047500E+05
    29400.00      1.53377508E+05
    29500.00      1.55206680E+05
    29600.00      1.56368009E+05
    29700.00      1.56900685E+05
    29800.00      1.59983417E+05
    29900.00      1.61689594E+05
    30000.00      1.62397280E+05
    30100.00      1.64345307E+05
    30200.00      1.64539200E+05
    30300.00      1.66537571E+05
    30400.00      1.68398970E+05
    30500.00      1.69674753E+05
    30600.00      1.71411069E+05
    30700.00      1.73319772E+05
    30800.00      1.72285137E+05
    30900.00      1.75754055E+05
    31000.00      1.75429490E+05
    31100.00      1.77180454E+05
    31200.00      1.79648173E+05
    31300.00      1.81108094E+05
    31400.00      1.82989016E+05
    31500.00      1.85290435E+05
    31600.00      1.85844654E+05
    31700.00      1.86971031E+05
    31800.00      1.89219000E+05
    31900.00      1.91353264E+05
    32000.00      1.92148634E+05
    32100.00      1.92446683E+05
    32200.00      1.94610035E+05
    32300.00      1.97231836E+05
    32400.00      1.98466007E+05
    32500.00      1.98750247E+05
    32600.00      2.00925646E+05
    32700.00      2.01957628E+05
    32800.00      2.03894717E+05
    32900.00      2.06763838E+05
    33000.00      2.08650709E+05
    33100.00      2.10802908E+05
    33200.00      2.11753513E+05
    33300.00      2.12552360E+05
    33400.00      2.14480445E+05
    33500.00      2.17529518E+05
    33600.00      2.16852954E+05
    33700.00      2.18689548E+05
    33800.00      2.20195348E+05
    33900.00      2.22457999E+05
    34000.00      2.25844592E+05
    34100.00      2.26972316E+05
    34200.00      2.27938906E+05
    34300.00      2.29397291E+05
    34400.00      2.31086446E+05
    34500.00      2.33735909E+05
    34600.00      2.35372536E+05
    34700.00      2.37216405E+05
    34800.00      2.39934207E+05
    34900.00      2.40755146E+05
    35000.00      2.42702784E+05
    35100.00      2.44310265E+05
    35200.00      2.45720485E+05
    35300.00      2.47056342E+05
    35400.00      2.49034346E+05
    35500.00      2.52293032E+05
    35600.00      2.55798695E+05
    35700.00      2.55163036E+05
    35800.00      2.57799131E+05
    35900.00      2.58279523E+05
    36000.00      2.60666997E+05
    36100.00      2.62902270E+05
    36200.00      2.65729660E+05
    36300.00      2.68305945E+05
    36400.00      2.70724240E+05
    36500.00      2.70360091E+05
    36600.00      2.73353306E+05
    36700.00      2.74403161E+05
    36800.00      2.77430036E+05
    36900.00      2.79907096E+05
    37000.00      2.80188955E+05
    37100.00      2.82183253E+05
    37200.00      2.86301990E+05
    37300.00      2.86411277E+05
    37400.00      2.87531864E+05
    37500.00      2.90825192E+05
    37600.00      2.93967769E+05
    37700.00      2.96006990E+05
    37800.00      2.97835231E+05
    37900.00      2.99352742E+05
    38000.00      3.02951773E+05
    38100.00      3.03957751E+05
    38200.00      3.05372835E+05
    38300.00      3.07197224E+05
    38400.00      3.10370046E+05
    38500.00      3.11493444E+05
    38600.00      3.14772335E+05
    38700.00      3.15771837E+05
    38800.00      3.19027600E+05
    38900.00      3.20671625E+05
    39000.00      3.23328445E+05
    39100.00      3.25045391E+05
    39200.00      3.26870729E+05
    39300.00      3.28259241E+05
    39400.00      3.31321079E+05
    39500.00      3.33876790E+05
    39600.00      3.36480713E+05
    39700.00      3.39858030E+05
    39800.00      3.41552155E+05
    39900.00      3.42526041E+05
    40000.00      3.45904691E+05
    40100.00      3.47076615E+05
    40200.00      3.49855839E+05
    40300.00      3.52388126E+05
    40400.00      3.54682986E+05
    40500.00      3.60238969E+05
    40600.00      3.59386882E+05
    40700.00      3.60856876E+05
    40800.00      3.63982221E+05
    40900.00      3.65576853E+05
    41000.00      3.66766781E+05
    41100.00      3.70954636E+05
    41200.00      3.75134213E+05
    41300.00      3.79634878E+05
    41400.00      3.79600077E+05
    41500.00      3.82565512E+05
    41600.00      3.83386359E+05
    41700.00      3.87022755E+05
    41800.00      3.90218261E+05
    41900.00      3.91293551E+05
    42000.00      3.94005968E+05
    42100.00      3.98008506E+05
    42200.00      3.97613269E+05
    42300.00      4.00898643E+05
    42400.00      4.02489252E+05
    42500.00      4.05506188E+05
    42600.00      4.10572627E+05
    42700.00      4.11049531E+05
    42800.00      4.14292550E+05
    42900.00      4.19870967E+05
    43000.00      4.19671162E+05
    43100.00      4.22084519E+05
    43200.00      4.24897358E+05
    43300.00      4.28630983E+05
    43400.00      4.31842840E+05
    43500.00      4.34082124E+05
    43600.00      4.33959303E+05
    43700.00      4.38587431E+05
    43800.00      4.40628233E+05
    43900.00      4.43065478E+05
    44000.00      4.45705888E+05
    44100.00      4.47866550E+05
    44200.00      4.49513491E+05
    44300.00      4.55491132E+05
    44400.00      4.57308609E+05
    44500.00      4.60564997E+05
    44600.00      4.62421108E+05
    44700.00      4.67197202E+05
    44800.00      4.67945633E+05
    44900.00      4.73022171E+05
    45000.00      4.72176978E+05
    45100.00      4.75582697E+05
    45200.00      4.79455293E+05
    45300.00      4.83172217E+05
    45400.00      4.88543714E+05
    45500.00      4.90180571E+05
    45600.00      4.89486162E+05
    45700.00      4.93560357E+05
    45800.00      4.95813401E+05
    45900.00      4.98795884E+05
    46000.00      5.03340225E+05
    46100.00      5.06691611E+05
    46200.00      5.12835873E+05
    46300.00      5.12482403E+05
    46400.00      5.14810274E+05
    46500.00      5.18000776E+05
    46600.00      5.22676977E+05
    46700.00      5.23502948E+05
    46800.00      5.26365376E+05
    46900.00      5.30848855E+05
    47000.00      5.36762496E+05
    47100.00      5.36608755E+05
    47200.00      5.41095479E+05
    47300.00      5.41051187E+05
    47400.00      5.45671270E+05
    47500.00      5.50937138E+05
    47600.00      5.52159500E+05
    47700.00      5.56139443E+05
    47800.00      5.60370942E+05
    47900.00      5.60990540E+05
    48000.00      5.66348029E+05
    48100.00      5.66472054E+05
    48200.00      5.69493721E+05
    48300.00      5.76236139E+05
    48400.00      5.77868165E+05
    48500.00      5.78385401E+05
    48600.00      5.86389845E+05
    48700.00      5.86104505E+05
    48800.00      5.90383236E+05
    48900.00      5.93026235E+05
    49000.00      5.96557177E+05
    49100.00      5.99273890E+05
    49200.00      6.04528568E+05
    49300.00      6.05598547E+05
    49400.00      6.09838595E+05
    49500.00      6.12599312E+05
    49600.00      6.16836706E+05
    49700.00      6.19219582E+05
    49800.00      6.23803894E+05
    49900.00      6.22250623E+05
    50000.00      6.30358509E+05
