 Request to calc Hessians for frequency calc


 Moments of intertia (cm-1)        4.97186        0.54071        0.48767
 Symmetrized to (cm-1)             4.97186        0.51419 (x2)

 rotated geometry
N      1.054968198610398    -0.190584808825291     0.000000000000001
C      0.000000000000041     0.444503245653661    -0.000000000000001
N     -1.054968198610434    -0.190584808825270     0.000000000000001


 energy at MSX =    46.099091700506861        46.098432572411028     

 grad(E1) grad(E2) grad(E1-E2)
    1    1    1       -0.58062       -0.58063       -0.58061
    2    1    2        0.00000       -0.00000        0.00000
    3    1    3        0.58062        0.58063        0.58061
    4    2    1       -0.22108       -0.22108       -0.22109
    5    2    2        0.47749        0.47748        0.47751
    6    2    3       -0.22108       -0.22108       -0.22109
    7    3    1        0.00000        0.00000       -0.00000
    8    3    2        0.00000        0.00000       -0.00000
    9    3    3        0.00000       -0.00000        0.00000

 Obtaining the Hessians
 HESSC
 Calculating Hessians...
 step (    1,    1) of ( 3,    3)
 step (    1,    2) of ( 3,    3)
 step (    1,    3) of ( 3,    3)
 step (    2,    1) of ( 3,    3)
 step (    2,    2) of ( 3,    3)
 step (    2,    3) of ( 3,    3)
 step (    3,    1) of ( 3,    3)
 step (    3,    2) of ( 3,    3)
 step (    3,    3) of ( 3,    3)
 Printing out the Hessians

 Hess 1
  0.50562500000000254      -0.15617549999999999      -0.34944950000000141      -0.18663249999999881       0.29521050000000382      -0.10857750000000180        0.0000000000000000        0.0000000000000000        0.0000000000000000     
 -0.15617100000000356       0.31234149999999999      -0.15617049999999688        7.8051999999998595E-002   4.9999999973682208E-007  -7.8051999999998595E-002   0.0000000000000000       -0.0000000000000000        0.0000000000000000     
 -0.34944950000000141      -0.15617549999999999       0.50562500000000254       0.10857750000000180      -0.29521100000000355       0.18663249999999881        0.0000000000000000       -0.0000000000000000        0.0000000000000000     
 -0.18664399999999970        7.8069999999999987E-002  0.10857400000000017        8.7137500000000756E-002 -0.16919799999999541        8.2060500000001591E-002   0.0000000000000000        0.0000000000000000        0.0000000000000000     
  0.29506950000000171        0.0000000000000000      -0.29506950000000171      -0.16912499999999914       0.33824999999999827      -0.16912499999999914        0.0000000000000000        0.0000000000000000        0.0000000000000000     
 -0.10857400000000017       -7.8069999999999987E-002  0.18664399999999970        8.2061000000001327E-002 -0.16919849999999514        8.7137500000000756E-002   0.0000000000000000        0.0000000000000000        0.0000000000000000     
   0.0000000000000000        0.0000000000000000        0.0000000000000000        0.0000000000000000        0.0000000000000000        0.0000000000000000       -7.7030000000000006E-003  -2.6516000000000001E-002   3.4217999999999998E-002
   0.0000000000000000        0.0000000000000000        0.0000000000000000        0.0000000000000000        0.0000000000000000        0.0000000000000000       -2.6516000000000001E-002   5.3031000000000002E-002  -2.6516000000000001E-002
   0.0000000000000000        0.0000000000000000        0.0000000000000000        0.0000000000000000        0.0000000000000000        0.0000000000000000        3.4217999999999998E-002  -2.6516000000000001E-002  -7.7030000000000006E-003


 Hess 3
  0.59749989999999942      -0.40130272150000001      -0.19619720000000132      -0.31213339999999928       0.39094104999999946       -7.8807650000000187E-002  -1.8089718470000000E-013   3.2462575800000002E-013  -1.4372857299999998E-013
 -0.40130409999999950       0.80260816300000004      -0.40130409999999950       0.23332664999999897        0.0000000000000000      -0.23332664999999897        6.5650346949999999E-014   5.9523296250000000E-014  -1.2517364333000000E-013
 -0.19619720000000132      -0.40130272150000001       0.59749989999999942        7.8807650000000187E-002 -0.39094104999999946       0.31213339999999928       -8.0145144749999984E-014   1.3573744980000001E-013  -5.5592304949999996E-014
 -0.31216180000000204       0.23338259800000002        7.8779200000000243E-002  0.17867809999999942      -0.23843105000000142        5.9752999999999196E-002  -2.0655086265000003E-013   4.2885546176999998E-014   1.6366531654999999E-013
  0.39094145000000136        2.7909749149999999E-011 -0.39094145000000136      -0.23843110000000034       0.47686225000000138      -0.23843110000000034        2.8070706639999997E-013  -2.4092150399999998E-013  -3.9785562250000002E-014
  -7.8779200000000243E-002 -0.23338259800000002       0.31216180000000204        5.9752999999999196E-002 -0.23843105000000142       0.17867809999999942       -3.5021703199999998E-013   2.3550846099999994E-013   1.1470857150000004E-013
   0.0000000000000000        2.4999999958338445E-012   0.0000000000000000        0.0000000000000000        0.0000000000000000        0.0000000000000000       -3.9573925700000000E-003  -1.3620519099999999E-002   1.7577911700000001E-002
   0.0000000000000000        4.4053302499999999E-012   0.0000000000000000        0.0000000000000000        0.0000000000000000        0.0000000000000000       -1.3620480099999999E-002   2.7240960199999997E-002  -1.3620480099999999E-002
   0.0000000000000000        1.4999999922063508E-012   0.0000000000000000        0.0000000000000000        0.0000000000000000        0.0000000000000000        1.7577911700000001E-002  -1.3620519099999999E-002  -3.9573925700000000E-003

 Two-state averaged Hessian
    Index  Force Const (mass-scaled Eh/a0^2) Freq(cm-1)
         1   -0.29825E-05       -8.87768
         2   -0.74020E-07       -1.39857
         3   -0.52331E-16       -0.00004
         4    0.67824E-16        0.00004
         5    0.10310E-07        0.52196
         6    0.77897E-07        1.43473
         7    0.72201E-04       43.67976
         8    0.91894E+00     4927.80526
         9    0.12368E+01     5716.94862

 MSX frequencies
   4927.8052552355721     
   5716.9486151066885     

 Finished writing the nej.dat and ne.dat files.

 Well done!
