        0.00      0.00000000E+00
      100.00      6.32641822E+01
      200.00      1.92008838E+02
      300.00      2.73395035E+02
      400.00      3.28016356E+02
      500.00      4.69266858E+02
      600.00      5.99877317E+02
      700.00      6.05641073E+02
      800.00      8.35846418E+02
      900.00      8.95479128E+02
     1000.00      1.01309635E+03
     1100.00      1.05663382E+03
     1200.00      1.27520047E+03
     1300.00      1.25661921E+03
     1400.00      1.52990555E+03
     1500.00      1.48209536E+03
     1600.00      1.63433495E+03
     1700.00      1.91339784E+03
     1800.00      1.77883181E+03
     1900.00      2.03077554E+03
     2000.00      2.08375374E+03
     2100.00      2.17904764E+03
     2200.00      2.23044148E+03
     2300.00      2.46205518E+03
     2400.00      2.49040874E+03
     2500.00      2.46077258E+03
     2600.00      2.94260345E+03
     2700.00      2.80132916E+03
     2800.00      2.95058758E+03
     2900.00      3.12346269E+03
     3000.00      3.28860011E+03
     3100.00      3.21664467E+03
     3200.00      3.24240932E+03
     3300.00      3.64809057E+03
     3400.00      3.64836012E+03
     3500.00      3.85211906E+03
     3600.00      3.60492564E+03
     3700.00      4.14255281E+03
     3800.00      4.10762671E+03
     3900.00      4.16414064E+03
     4000.00      4.04278596E+03
     4100.00      4.57684137E+03
     4200.00      4.59910529E+03
     4300.00      4.39535522E+03
     4400.00      4.84803943E+03
     4500.00      4.92751733E+03
     4600.00      4.88254498E+03
     4700.00      5.20335785E+03
     4800.00      5.22604908E+03
     4900.00      4.83902724E+03
     5000.00      5.87677115E+03
     5100.00      5.58259316E+03
     5200.00      5.40970922E+03
     5300.00      5.73660106E+03
     5400.00      6.10055434E+03
     5500.00      5.89739609E+03
     5600.00      6.09550127E+03
     5700.00      6.21566836E+03
     5800.00      6.08173890E+03
     5900.00      6.37737738E+03
     6000.00      6.75648784E+03
     6100.00      6.68810035E+03
     6200.00      6.66460405E+03
     6300.00      6.70663144E+03
     6400.00      6.93845573E+03
     6500.00      7.25967437E+03
     6600.00      7.14889133E+03
     6700.00      7.43899551E+03
     6800.00      7.36694353E+03
     6900.00      7.42372428E+03
     7000.00      7.38064834E+03
     7100.00      8.32275034E+03
     7200.00      7.98340481E+03
     7300.00      7.80177884E+03
     7400.00      7.91290836E+03
     7500.00      7.85576394E+03
     7600.00      8.75317577E+03
     7700.00      8.23606715E+03
     7800.00      8.49160314E+03
     7900.00      8.93136792E+03
     8000.00      8.49895110E+03
     8100.00      8.59450077E+03
     8200.00      9.21201953E+03
     8300.00      9.27719443E+03
     8400.00      9.28928970E+03
     8500.00      9.09093660E+03
     8600.00      9.21826429E+03
     8700.00      9.53053247E+03
     8800.00      1.01606721E+04
     8900.00      9.93105947E+03
     9000.00      9.57196824E+03
     9100.00      1.03019749E+04
     9200.00      1.01247606E+04
     9300.00      9.80737196E+03
     9400.00      1.03623972E+04
     9500.00      1.09945222E+04
     9600.00      1.04893496E+04
     9700.00      1.11389922E+04
     9800.00      1.03904897E+04
     9900.00      1.03170754E+04
    10000.00      1.12226198E+04
    10100.00      1.13107628E+04
    10200.00      1.12480208E+04
    10300.00      1.13653755E+04
    10400.00      1.14737800E+04
    10500.00      1.15924563E+04
    10600.00      1.17364782E+04
    10700.00      1.15015761E+04
    10800.00      1.17440677E+04
    10900.00      1.25011882E+04
    11000.00      1.23146007E+04
    11100.00      1.19106784E+04
    11200.00      1.24436253E+04
    11300.00      1.21450349E+04
    11400.00      1.27799974E+04
    11500.00      1.29574170E+04
    11600.00      1.31227332E+04
    11700.00      1.26828628E+04
    11800.00      1.29078115E+04
    11900.00      1.34305599E+04
    12000.00      1.30385560E+04
    12100.00      1.32253093E+04
    12200.00      1.36352753E+04
    12300.00      1.36838762E+04
    12400.00      1.37684956E+04
    12500.00      1.38223198E+04
    12600.00      1.40653405E+04
    12700.00      1.34571195E+04
    12800.00      1.40765867E+04
    12900.00      1.47700020E+04
    13000.00      1.47690319E+04
    13100.00      1.45024283E+04
    13200.00      1.45513779E+04
    13300.00      1.45291019E+04
    13400.00      1.46399229E+04
    13500.00      1.50807176E+04
    13600.00      1.52452740E+04
    13700.00      1.49604041E+04
    13800.00      1.56757691E+04
    13900.00      1.53218675E+04
    14000.00      1.56942431E+04
    14100.00      1.56373687E+04
    14200.00      1.59181386E+04
    14300.00      1.50464421E+04
    14400.00      1.59151352E+04
    14500.00      1.66823796E+04
    14600.00      1.66488509E+04
    14700.00      1.60826247E+04
    14800.00      1.63732769E+04
    14900.00      1.61947165E+04
    15000.00      1.72234236E+04
    15100.00      1.60537741E+04
    15200.00      1.70743991E+04
    15300.00      1.73348667E+04
    15400.00      1.67645601E+04
    15500.00      1.74951580E+04
    15600.00      1.76958231E+04
    15700.00      1.74241081E+04
    15800.00      1.73648570E+04
    15900.00      1.73185534E+04
    16000.00      1.72399197E+04
    16100.00      1.84404128E+04
    16200.00      1.82886821E+04
    16300.00      1.85062689E+04
    16400.00      1.85631985E+04
    16500.00      1.78699225E+04
    16600.00      1.79868655E+04
    16700.00      1.87562681E+04
    16800.00      1.88037842E+04
    16900.00      1.90146728E+04
    17000.00      1.89026978E+04
    17100.00      1.93899324E+04
    17200.00      1.91683035E+04
    17300.00      1.93380789E+04
    17400.00      1.94229772E+04
    17500.00      1.95364011E+04
    17600.00      1.88421351E+04
    17700.00      1.93212729E+04
    17800.00      1.97890079E+04
    17900.00      2.08967967E+04
    18000.00      2.04754367E+04
    18100.00      2.01103971E+04
    18200.00      2.04096316E+04
    18300.00      2.01878920E+04
    18400.00      1.98876065E+04
    18500.00      2.08127925E+04
    18600.00      2.07841825E+04
    18700.00      2.09432612E+04
    18800.00      2.14475130E+04
    18900.00      2.10239395E+04
    19000.00      2.11280295E+04
    19100.00      2.19824128E+04
    19200.00      2.11564454E+04
    19300.00      2.12008037E+04
    19400.00      2.17671050E+04
    19500.00      2.07293446E+04
    19600.00      2.24574624E+04
    19700.00      2.23601991E+04
    19800.00      2.28098181E+04
    19900.00      2.23518645E+04
    20000.00      2.23952549E+04
    20100.00      2.21211175E+04
    20200.00      2.20757323E+04
    20300.00      2.29259346E+04
    20400.00      2.25176400E+04
    20500.00      2.32686523E+04
    20600.00      2.31797958E+04
    20700.00      2.31015816E+04
    20800.00      2.37206088E+04
    20900.00      2.27391908E+04
    21000.00      2.31933602E+04
    21100.00      2.42150422E+04
    21200.00      2.39872956E+04
    21300.00      2.32625838E+04
    21400.00      2.30564011E+04
    21500.00      2.39210846E+04
    21600.00      2.45212682E+04
    21700.00      2.53536286E+04
    21800.00      2.46678568E+04
    21900.00      2.39199836E+04
    22000.00      2.47853585E+04
    22100.00      2.49705295E+04
    22200.00      2.37360380E+04
    22300.00      2.42457154E+04
    22400.00      2.55248128E+04
    22500.00      2.54833000E+04
    22600.00      2.57822320E+04
    22700.00      2.55250449E+04
    22800.00      2.54107105E+04
    22900.00      2.56831202E+04
    23000.00      2.58342118E+04
    23100.00      2.57112350E+04
    23200.00      2.58640900E+04
    23300.00      2.60358269E+04
    23400.00      2.56887193E+04
    23500.00      2.61499844E+04
    23600.00      2.62835211E+04
    23700.00      2.74808288E+04
    23800.00      2.75120426E+04
    23900.00      2.66043950E+04
    24000.00      2.65041952E+04
    24100.00      2.69736174E+04
    24200.00      2.65111600E+04
    24300.00      2.71101791E+04
    24400.00      2.70202128E+04
    24500.00      2.68912103E+04
    24600.00      2.86350027E+04
    24700.00      2.81810521E+04
    24800.00      2.73191914E+04
    24900.00      2.79216789E+04
    25000.00      2.74155549E+04
    25100.00      2.88690358E+04
    25200.00      2.83187879E+04
    25300.00      2.83723431E+04
    25400.00      2.75616071E+04
    25500.00      2.84318485E+04
    25600.00      2.89732399E+04
    25700.00      2.91480300E+04
    25800.00      2.85951879E+04
    25900.00      2.97874682E+04
    26000.00      2.97477145E+04
    26100.00      2.91787919E+04
    26200.00      2.89885657E+04
    26300.00      2.91719473E+04
    26400.00      2.84794314E+04
    26500.00      2.94452629E+04
    26600.00      3.05624330E+04
    26700.00      3.06032483E+04
    26800.00      2.99286186E+04
    26900.00      3.11564221E+04
    27000.00      3.03717385E+04
    27100.00      2.97602806E+04
    27200.00      3.01808554E+04
    27300.00      3.07214161E+04
    27400.00      3.10044256E+04
    27500.00      3.06555034E+04
    27600.00      3.03454510E+04
    27700.00      3.11198068E+04
    27800.00      3.09567562E+04
    27900.00      3.15173603E+04
    28000.00      3.19292982E+04
    28100.00      3.18576042E+04
    28200.00      3.20340165E+04
    28300.00      3.19199825E+04
    28400.00      3.14562639E+04
    28500.00      3.20697255E+04
    28600.00      3.11747329E+04
    28700.00      3.15194073E+04
    28800.00      3.19606562E+04
    28900.00      3.22856418E+04
    29000.00      3.18229650E+04
    29100.00      3.23541256E+04
    29200.00      3.13919383E+04
    29300.00      3.11003696E+04
    29400.00      3.19879169E+04
    29500.00      3.15525275E+04
    29600.00      3.25173481E+04
    29700.00      3.25127224E+04
    29800.00      3.11118863E+04
    29900.00      3.20735478E+04
    30000.00      3.18048450E+04
    30100.00      3.18778943E+04
    30200.00      3.14481785E+04
    30300.00      3.15821119E+04
    30400.00      3.21743832E+04
    30500.00      3.22767803E+04
    30600.00      3.22715204E+04
    30700.00      3.16905137E+04
    30800.00      3.15676212E+04
    30900.00      3.20834035E+04
    31000.00      3.15343482E+04
    31100.00      3.15984357E+04
    31200.00      3.27458417E+04
    31300.00      3.18313890E+04
    31400.00      3.15855762E+04
    31500.00      3.24106775E+04
    31600.00      3.23983361E+04
    31700.00      3.11722614E+04
    31800.00      3.10680521E+04
    31900.00      3.19588261E+04
    32000.00      3.23764705E+04
    32100.00      3.22197620E+04
    32200.00      3.21350633E+04
    32300.00      3.19032003E+04
    32400.00      3.13762682E+04
    32500.00      3.15073807E+04
    32600.00      3.18718063E+04
    32700.00      3.17632517E+04
    32800.00      3.24481335E+04
    32900.00      3.15671408E+04
    33000.00      3.26713699E+04
    33100.00      3.19369390E+04
    33200.00      3.20332595E+04
    33300.00      3.14250035E+04
    33400.00      3.12760509E+04
    33500.00      3.16223610E+04
    33600.00      3.26070065E+04
    33700.00      3.21812295E+04
    33800.00      3.23922065E+04
    33900.00      3.13717808E+04
    34000.00      3.11975683E+04
    34100.00      3.26294739E+04
    34200.00      3.19330502E+04
    34300.00      3.10837385E+04
    34400.00      3.22729589E+04
    34500.00      3.18015127E+04
    34600.00      3.23330776E+04
    34700.00      3.27754701E+04
    34800.00      3.18569166E+04
    34900.00      3.15614752E+04
    35000.00      3.09069078E+04
    35100.00      3.12570795E+04
    35200.00      3.22673245E+04
    35300.00      3.26374751E+04
    35400.00      3.21220554E+04
    35500.00      3.19940722E+04
    35600.00      3.17602857E+04
    35700.00      3.22431877E+04
    35800.00      3.16339900E+04
    35900.00      3.16590808E+04
    36000.00      3.12541462E+04
    36100.00      3.23753824E+04
    36200.00      3.20786163E+04
    36300.00      3.24543172E+04
    36400.00      3.23051270E+04
    36500.00      3.17799012E+04
    36600.00      3.17386943E+04
    36700.00      3.14064871E+04
    36800.00      3.16379520E+04
    36900.00      3.20048696E+04
    37000.00      3.24115386E+04
    37100.00      3.17480810E+04
    37200.00      3.22809476E+04
    37300.00      3.18836669E+04
    37400.00      3.18160971E+04
    37500.00      3.17055334E+04
    37600.00      3.16889673E+04
    37700.00      3.13251406E+04
    37800.00      3.22810118E+04
    37900.00      3.21111952E+04
    38000.00      3.24907446E+04
    38100.00      3.18052603E+04
    38200.00      3.19441914E+04
    38300.00      3.19020281E+04
    38400.00      3.16375458E+04
    38500.00      3.15065167E+04
    38600.00      3.12659927E+04
    38700.00      3.21691923E+04
    38800.00      3.17568887E+04
    38900.00      3.26771103E+04
    39000.00      3.23956001E+04
    39100.00      3.15264438E+04
    39200.00      3.18153030E+04
    39300.00      3.17335238E+04
    39400.00      3.15442477E+04
    39500.00      3.14297044E+04
    39600.00      3.21340057E+04
    39700.00      3.26388640E+04
    39800.00      3.20661228E+04
    39900.00      3.13269269E+04
    40000.00      3.26562415E+04
    40100.00      3.16980286E+04
    40200.00      3.17352026E+04
    40300.00      3.12486219E+04
    40400.00      3.12354592E+04
    40500.00      3.22305938E+04
    40600.00      3.18524158E+04
    40700.00      3.24613893E+04
    40800.00      3.24427895E+04
    40900.00      3.15079114E+04
    41000.00      3.18725669E+04
    41100.00      3.15741197E+04
    41200.00      3.18840495E+04
    41300.00      3.12190388E+04
    41400.00      3.21897291E+04
    41500.00      3.24712267E+04
    41600.00      3.19713374E+04
    41700.00      3.19420527E+04
    41800.00      3.23856665E+04
    41900.00      3.16274319E+04
    42000.00      3.16328360E+04
    42100.00      3.13637543E+04
    42200.00      3.13794989E+04
    42300.00      3.24875760E+04
    42400.00      3.19988199E+04
    42500.00      3.18469513E+04
    42600.00      3.22659701E+04
    42700.00      3.15703905E+04
    42800.00      3.21556151E+04
    42900.00      3.19489125E+04
    43000.00      3.14571450E+04
    43100.00      3.13895275E+04
    43200.00      3.07975387E+04
    43300.00      3.25934314E+04
    43400.00      3.22520825E+04
    43500.00      3.23113964E+04
    43600.00      3.20321811E+04
    43700.00      3.21427408E+04
    43800.00      3.13386424E+04
    43900.00      3.15533412E+04
    44000.00      3.14130238E+04
    44100.00      3.17742264E+04
    44200.00      3.20502709E+04
    44300.00      3.16973799E+04
    44400.00      3.24446336E+04
    44500.00      3.23983426E+04
    44600.00      3.17758442E+04
    44700.00      3.21669865E+04
    44800.00      3.14614716E+04
    44900.00      3.13916159E+04
    45000.00      3.10930409E+04
    45100.00      3.12537984E+04
    45200.00      3.25684236E+04
    45300.00      3.22872160E+04
    45400.00      3.22691264E+04
    45500.00      3.20709321E+04
    45600.00      3.15678279E+04
    45700.00      3.16180330E+04
    45800.00      3.19834558E+04
    45900.00      3.14764712E+04
    46000.00      3.11901982E+04
    46100.00      3.20229789E+04
    46200.00      3.20504939E+04
    46300.00      3.24920866E+04
    46400.00      3.20861852E+04
    46500.00      3.15932954E+04
    46600.00      3.18351114E+04
    46700.00      3.17393573E+04
    46800.00      3.12589145E+04
    46900.00      3.14799719E+04
    47000.00      3.15018301E+04
    47100.00      3.21828312E+04
    47200.00      3.22827143E+04
    47300.00      3.19242513E+04
    47400.00      3.20054856E+04
    47500.00      3.21776537E+04
    47600.00      3.15981611E+04
    47700.00      3.16559734E+04
    47800.00      3.16586037E+04
    47900.00      3.13575198E+04
    48000.00      3.09495785E+04
    48100.00      3.21510404E+04
    48200.00      3.23730416E+04
    48300.00      3.22476486E+04
    48400.00      3.21290721E+04
    48500.00      3.20535421E+04
    48600.00      3.16968372E+04
    48700.00      3.17810753E+04
    48800.00      3.14405353E+04
    48900.00      3.13614733E+04
    49000.00      3.12439821E+04
    49100.00      3.20641475E+04
    49200.00      3.18957311E+04
    49300.00      3.19854360E+04
    49400.00      3.22544451E+04
    49500.00      3.20658456E+04
    49600.00      3.19276357E+04
    49700.00      3.17785584E+04
    49800.00      3.10765479E+04
    49900.00      3.09208998E+04
    50000.00      3.16766369E+04
