 [Molden Format]
 [GEOMETRIES] XYZ
           3
           1  -6.5304861624921592E-002
N         0.25581       -0.28964        0.00000
N         1.29085        0.16675        0.00000
O        -1.36714        0.10101        0.00000
           3
           2  -3.5949990610549577E-002
N         0.25573       -0.28959        0.00000
N         1.29085        0.16673        0.00000
O        -1.36706        0.10097        0.00000
           3
           3   2.5100362076813099E-005
N         0.25573       -0.28959        0.00000
N         1.29085        0.16673        0.00000
O        -1.36706        0.10098        0.00000
           3
           4   6.2750949779228908E-006
N         0.25575       -0.28957        0.00000
N         1.29081        0.16672        0.00000
O        -1.36705        0.10097        0.00000
           3
           5  -6.2750771430444278E-006
N         0.25575       -0.28957        0.00000
N         1.29082        0.16672        0.00000
O        -1.36705        0.10097        0.00000
