title
8 -191.8142074
  O  15.9949       -1.2896791832       -0.0  0.0300906673
  C  12.       -0.0582295054        0.0  0.0015704130
  C  12.        0.7475477103       -0.0  1.2249807728
  C  12.        0.6924144851       -0.0 -1.2580889187
  H  1.007825        0.2475810715       -0.0  2.1744174767
  H  1.007825        1.8205112335        0.0  1.1942756916
  H  1.007825        0.1502277313       -0.0 -2.1847871950
  H  1.007825        1.7879717898        0.0 -1.2857303992
T
100. 50000.
6 300
25. 1.

