 [Molden Format]
 [GEOMETRIES] XYZ
           8
           1  -9.6680562633685927     
O        -1.28838        0.00708        0.02906
C        -0.06202       -0.01960        0.00171
C         0.75394       -0.26857        1.22122
C         0.69968       -0.00169       -1.24556
H         0.24975       -0.01173        2.16834
H         1.81394       -0.00784        1.19339
H         0.14816        0.00200       -2.18705
H         1.78327        0.00035       -1.28438
           8
           2  -8.3551191826590188     
O        -1.27072        0.02177        0.02474
C        -0.12622       -0.04723        0.00980
C         0.77416       -0.21507        1.18812
C         0.71866       -0.02134       -1.21679
H         0.24925       -0.03552        2.16515
H         1.81808       -0.01562        1.18958
H         0.14804        0.00962       -2.18377
H         1.78710        0.00341       -1.28010
           8
           3  -1.5187035568880007     
O        -1.25942        0.02138        0.02433
C        -0.14479       -0.04600        0.01046
C         0.77943       -0.21544        1.18137
C         0.72348       -0.02319       -1.21020
H         0.24795       -0.03525        2.16689
H         1.81773       -0.01535        1.18998
H         0.14668        0.01013       -2.18555
H         1.78728        0.00372       -1.28055
           8
           4 -0.26669132500439452     
O        -1.28359        0.02392        0.02492
C        -0.12677       -0.04902        0.00891
C         0.77763       -0.20882        1.17215
C         0.72266       -0.02826       -1.20051
H         0.24890       -0.03851        2.16601
H         1.82158       -0.01561        1.18840
H         0.14784        0.01186       -2.18398
H         1.79011        0.00445       -1.27917
           8
           5 -0.15267921479118221     
O        -1.30394        0.02672        0.02535
C        -0.11668       -0.05258        0.00768
C         0.77493       -0.19897        1.16154
C         0.72153       -0.03455       -1.19001
H         0.25097       -0.04355        2.16304
H         1.82716       -0.01618        1.18578
H         0.15040        0.01381       -2.17992
H         1.79396        0.00529       -1.27673
           8
           6  0.10581056758679773     
O        -1.31637        0.02879        0.02567
C        -0.11239       -0.05584        0.00676
C         0.76979       -0.18812        1.15864
C         0.71812       -0.03903       -1.18784
H         0.25475       -0.04929        2.15682
H         1.83247       -0.01728        1.18211
H         0.15493        0.01502       -2.17236
H         1.79705        0.00575       -1.27306
           8
           7 -0.12944883160634113     
O        -1.32257        0.03042        0.02595
C        -0.11649       -0.05897        0.00559
C         0.76545       -0.17435        1.15858
C         0.71527       -0.04333       -1.18891
H         0.25969       -0.05646        2.14826
H         1.83700       -0.01928        1.17666
H         0.16099        0.01600       -2.16197
H         1.79901        0.00597       -1.26744
           8
           8  -4.1773274130828500E-002
O        -1.33860        0.03296        0.02674
C        -0.12065       -0.06476        0.00222
C         0.75970       -0.14239        1.15642
C         0.71163       -0.05130       -1.18948
H         0.27014       -0.07238        2.13110
H         1.84254       -0.02531        1.16138
H         0.17423        0.01759       -2.14028
H         1.79936        0.00558       -1.25136
           8
           9  -8.5272198007300154E-002
O        -1.33738        0.02971        0.02674
C        -0.11760       -0.06238        0.00118
C         0.75885       -0.12306        1.15362
C         0.71064       -0.05145       -1.18871
H         0.27421       -0.08113        2.12841
H         1.83762       -0.03157        1.14453
H         0.17961        0.01692       -2.13592
H         1.79240        0.00296       -1.23313
           8
          10 -0.20463068489700170     
O        -1.33677        0.02362        0.02678
C        -0.11837       -0.05484        0.00003
C         0.75290       -0.10675        1.15052
C         0.70573       -0.04864       -1.18322
H         0.27923       -0.08911        2.12781
H         1.83934       -0.03796        1.12182
H         0.18412        0.01439       -2.13781
H         1.79216       -0.00072       -1.20919
           8
          11  -3.4889500397519896E-002
O        -1.34366        0.02178        0.02651
C        -0.11879       -0.05186        0.00237
C         0.75976       -0.10287        1.14904
C         0.71026       -0.04599       -1.18673
H         0.28064       -0.09111        2.12905
H         1.83465       -0.04019        1.11395
H         0.18690        0.01256       -2.13719
H         1.78859       -0.00233       -1.20026
           8
          12   3.3257976630673628E-004
O        -1.34167        0.02057        0.02680
C        -0.12007       -0.05016        0.00064
C         0.75576       -0.10134        1.15045
C         0.70696       -0.04485       -1.18504
H         0.28265       -0.09202        2.12821
H         1.83659       -0.04098        1.11006
H         0.18823        0.01172       -2.13795
H         1.78990       -0.00295       -1.19645
           8
          13  -1.4746461427099008E-003
O        -1.34283        0.01973        0.02680
C        -0.11985       -0.04886        0.00097
C         0.75558       -0.09993        1.14957
C         0.70682       -0.04378       -1.18463
H         0.28366       -0.09281        2.12876
H         1.83622       -0.04176        1.10686
H         0.18930        0.01097       -2.13862
H         1.78944       -0.00355       -1.19299
           8
          14  -1.4809212376878237E-003
O        -1.34359        0.01848        0.02685
C        -0.12018       -0.04697        0.00095
C         0.75505       -0.09794        1.14957
C         0.70613       -0.04219       -1.18456
H         0.28537       -0.09394        2.12914
H         1.83569       -0.04288        1.10225
H         0.19100        0.00984       -2.13938
H         1.78888       -0.00440       -1.18808
           8
          15  -1.7269047682057136E-002
O        -1.35079        0.00834        0.02730
C        -0.12294       -0.03125        0.00142
C         0.75195       -0.08165        1.14753
C         0.70205       -0.02875       -1.18307
H         0.29957       -0.10345        2.13422
H         1.83018       -0.05208        1.06419
H         0.20527        0.00026       -2.14743
H         1.78306       -0.01142       -1.14743
           8
          16   1.5612423927666498E-002
O        -1.34955        0.00275        0.02905
C        -0.13754       -0.01909       -0.00408
C         0.74271       -0.07195        1.16030
C         0.68930       -0.01557       -1.18748
H         0.32357       -0.11164        2.13651
H         1.82323       -0.05809        1.03600
H         0.22857       -0.01088       -2.15513
H         1.77805       -0.01553       -1.11844
           8
          17  -4.0386479246470007E-002
O        -1.36203        0.00305        0.02845
C        -0.12692       -0.01909        0.00174
C         0.74734       -0.07129        1.14645
C         0.69656       -0.01580       -1.18263
H         0.32091       -0.11224        2.14387
H         1.82099       -0.05814        1.03632
H         0.22697       -0.01109       -2.15942
H         1.77454       -0.01540       -1.11806
           8
          18 -0.15416641112384796     
O        -1.35976        0.00304        0.02847
C        -0.12819       -0.01889        0.00139
C         0.74607       -0.07120        1.14863
C         0.69544       -0.01580       -1.18387
H         0.32150       -0.11241        2.14334
H         1.82124       -0.05817        1.03583
H         0.22739       -0.01124       -2.15940
H         1.77465       -0.01533       -1.11766
           8
          19 -0.16576277744025217     
O        -1.35897        0.00307        0.02846
C        -0.12920       -0.01865        0.00142
C         0.74622       -0.07105        1.14856
C         0.69563       -0.01585       -1.18370
H         0.32167       -0.11266        2.14376
H         1.82104       -0.05819        1.03544
H         0.22753       -0.01143       -2.15995
H         1.77443       -0.01524       -1.11727
           8
          20  -5.0834504091493128E-002
O        -1.35904        0.00311        0.02846
C        -0.12958       -0.01846        0.00145
C         0.74631       -0.07096        1.14833
C         0.69572       -0.01589       -1.18345
H         0.32185       -0.11286        2.14401
H         1.82100       -0.05819        1.03511
H         0.22770       -0.01159       -2.16025
H         1.77439       -0.01517       -1.11694
           8
          21  -1.1922669757126414E-004
O        -1.35918        0.00314        0.02847
C        -0.12961       -0.01837        0.00146
C         0.74628       -0.07091        1.14830
C         0.69569       -0.01591       -1.18342
H         0.32197       -0.11296        2.14409
H         1.82098       -0.05820        1.03493
H         0.22782       -0.01168       -2.16035
H         1.77438       -0.01513       -1.11675
