        0.00      0.00000000E+00
      100.00      1.96359752E+02
      200.00      5.60879518E+02
      300.00      9.56357355E+02
      400.00      1.97930592E+03
      500.00      2.99106201E+03
      600.00      4.30216771E+03
      700.00      6.77838842E+03
      800.00      9.43200251E+03
      900.00      1.29326842E+04
     1000.00      1.89670187E+04
     1100.00      2.47384917E+04
     1200.00      3.34430080E+04
     1300.00      4.50959508E+04
     1400.00      5.84727891E+04
     1500.00      7.70871517E+04
     1600.00      9.98829041E+04
     1700.00      1.27042662E+05
     1800.00      1.63527259E+05
     1900.00      2.03914912E+05
     2000.00      2.57346863E+05
     2100.00      3.21795883E+05
     2200.00      3.94746083E+05
     2300.00      4.91073322E+05
     2400.00      6.01829884E+05
     2500.00      7.30146674E+05
     2600.00      8.93776668E+05
     2700.00      1.07933686E+06
     2800.00      1.29812953E+06
     2900.00      1.56457744E+06
     3000.00      1.86818559E+06
     3100.00      2.23048069E+06
     3200.00      2.64848844E+06
     3300.00      3.14276157E+06
     3400.00      3.71106109E+06
     3500.00      4.36884624E+06
     3600.00      5.13806824E+06
     3700.00      6.02447943E+06
     3800.00      7.02685294E+06
     3900.00      8.21581800E+06
     4000.00      9.54332862E+06
     4100.00      1.10835969E+07
     4200.00      1.28404336E+07
     4300.00      1.48455665E+07
     4400.00      1.71193852E+07
     4500.00      1.97297767E+07
     4600.00      2.26532825E+07
     4700.00      2.60201072E+07
     4800.00      2.97714201E+07
     4900.00      3.40599004E+07
     5000.00      3.88750957E+07
     5100.00      4.43058372E+07
     5200.00      5.03993618E+07
     5300.00      5.73085915E+07
     5400.00      6.49693714E+07
     5500.00      7.36473917E+07
     5600.00      8.33072707E+07
     5700.00      9.41417562E+07
     5800.00      1.06204993E+08
     5900.00      1.19736349E+08
     6000.00      1.34728413E+08
     6100.00      1.51498195E+08
     6200.00      1.70093800E+08
     6300.00      1.90808160E+08
     6400.00      2.13720892E+08
     6500.00      2.39239291E+08
     6600.00      2.67401395E+08
     6700.00      2.98636559E+08
     6800.00      3.33143446E+08
     6900.00      3.71318678E+08
     7000.00      4.13338791E+08
     7100.00      4.59848648E+08
     7200.00      5.10958599E+08
     7300.00      5.67283277E+08
     7400.00      6.29254750E+08
     7500.00      6.97415320E+08
     7600.00      7.72143535E+08
     7700.00      8.54358003E+08
     7800.00      9.44368763E+08
     7900.00      1.04310324E+09
     8000.00      1.15115882E+09
     8100.00      1.26952889E+09
     8200.00      1.39884809E+09
     8300.00      1.54028004E+09
     8400.00      1.69463240E+09
     8500.00      1.86327170E+09
     8600.00      2.04698649E+09
     8700.00      2.24742049E+09
     8800.00      2.46566816E+09
     8900.00      2.70331310E+09
     9000.00      2.96173836E+09
     9100.00      3.24299482E+09
     9200.00      3.54836001E+09
     9300.00      3.88019926E+09
     9400.00      4.24026888E+09
     9500.00      4.63107065E+09
     9600.00      5.05455795E+09
     9700.00      5.51367552E+09
     9800.00      6.01085101E+09
     9900.00      6.54911192E+09
    10000.00      7.13134014E+09
    10100.00      7.76122085E+09
    10200.00      8.44172313E+09
    10300.00      9.17715891E+09
    10400.00      9.97112244E+09
    10500.00      1.08280082E+10
    10600.00      1.17524668E+10
    10700.00      1.27493058E+10
    10800.00      1.38233788E+10
    10900.00      1.49808461E+10
    11000.00      1.62268699E+10
    11100.00      1.75679079E+10
    11200.00      1.90109780E+10
    11300.00      2.05625392E+10
    11400.00      2.22302131E+10
    11500.00      2.40223365E+10
    11600.00      2.59468624E+10
    11700.00      2.80130109E+10
    11800.00      3.02301988E+10
    11900.00      3.26086135E+10
    12000.00      3.51589939E+10
    12100.00      3.78923500E+10
    12200.00      4.08212720E+10
    12300.00      4.39580700E+10
    12400.00      4.73163125E+10
    12500.00      5.09106763E+10
    12600.00      5.47557640E+10
    12700.00      5.88679614E+10
    12800.00      6.32643367E+10
    12900.00      6.79621978E+10
    13000.00      7.29815771E+10
    13100.00      7.83415550E+10
    13200.00      8.40634612E+10
    13300.00      9.01707279E+10
    13400.00      9.66856409E+10
    13500.00      1.03633736E+11
    13600.00      1.11042100E+11
    13700.00      1.18937069E+11
    13800.00      1.27349657E+11
    13900.00      1.36309721E+11
    14000.00      1.45850162E+11
    14100.00      1.56006201E+11
    14200.00      1.66812996E+11
    14300.00      1.78309427E+11
    14400.00      1.90536567E+11
    14500.00      2.03534952E+11
    14600.00      2.17351519E+11
    14700.00      2.32031885E+11
    14800.00      2.47626274E+11
    14900.00      2.64186472E+11
    15000.00      2.81767635E+11
    15100.00      3.00427664E+11
    15200.00      3.20226963E+11
    15300.00      3.41228398E+11
    15400.00      3.63502079E+11
    15500.00      3.87114355E+11
    15600.00      4.12142382E+11
    15700.00      4.38663298E+11
    15800.00      4.66757353E+11
    15900.00      4.96511987E+11
    16000.00      5.28017213E+11
    16100.00      5.61365213E+11
    16200.00      5.96658986E+11
    16300.00      6.33998474E+11
    16400.00      6.73495640E+11
    16500.00      7.15264063E+11
    16600.00      7.59422705E+11
    16700.00      8.06098441E+11
    16800.00      8.55423136E+11
    16900.00      9.07533127E+11
    17000.00      9.62575595E+11
    17100.00      1.02069913E+12
    17200.00      1.08206520E+12
    17300.00      1.14683770E+12
    17400.00      1.21519084E+12
    17500.00      1.28730820E+12
    17600.00      1.36337786E+12
    17700.00      1.44359967E+12
    17800.00      1.52818432E+12
    17900.00      1.61734502E+12
    18000.00      1.71131436E+12
    18100.00      1.81032770E+12
    18200.00      1.91463429E+12
    18300.00      2.02449640E+12
    18400.00      2.14018283E+12
    18500.00      2.26197939E+12
    18600.00      2.39018481E+12
    18700.00      2.52510335E+12
    18800.00      2.66706503E+12
    18900.00      2.81640417E+12
    19000.00      2.97347306E+12
    19100.00      3.13864229E+12
    19200.00      3.31229445E+12
    19300.00      3.49482954E+12
    19400.00      3.68666845E+12
    19500.00      3.88824356E+12
    19600.00      4.10001413E+12
    19700.00      4.32245005E+12
    19800.00      4.55604850E+12
    19900.00      4.80132518E+12
    20000.00      5.05881449E+12
    20100.00      5.32907947E+12
    20200.00      5.61270217E+12
    20300.00      5.91028798E+12
    20400.00      6.22247564E+12
    20500.00      6.54991722E+12
    20600.00      6.89330365E+12
    20700.00      7.25335096E+12
    20800.00      7.63079649E+12
    20900.00      8.02642246E+12
    21000.00      8.44103144E+12
    21100.00      8.87545893E+12
    21200.00      9.33058442E+12
    21300.00      9.80731034E+12
    21400.00      1.03065818E+13
    21500.00      1.08293842E+13
    21600.00      1.13767328E+13
    21700.00      1.19496960E+13
    21800.00      1.25493726E+13
    21900.00      1.31769110E+13
    22000.00      1.38335072E+13
    22100.00      1.45203946E+13
    22200.00      1.52388656E+13
    22300.00      1.59902572E+13
    22400.00      1.67759548E+13
    22500.00      1.75974098E+13
    22600.00      1.84561124E+13
    22700.00      1.93536251E+13
    22800.00      2.02915646E+13
    22900.00      2.12716008E+13
    23000.00      2.22954864E+13
    23100.00      2.33650226E+13
    23200.00      2.44820817E+13
    23300.00      2.56486217E+13
    23400.00      2.68666503E+13
    23500.00      2.81382678E+13
    23600.00      2.94656513E+13
    23700.00      3.08510440E+13
    23800.00      3.22967952E+13
    23900.00      3.38053223E+13
    24000.00      3.53791352E+13
    24100.00      3.70208500E+13
    24200.00      3.87331540E+13
    24300.00      4.05188546E+13
    24400.00      4.23808516E+13
    24500.00      4.43221445E+13
    24600.00      4.63458568E+13
    24700.00      4.84552057E+13
    24800.00      5.06535382E+13
    24900.00      5.29443191E+13
    25000.00      5.53311200E+13
    25100.00      5.78176718E+13
    25200.00      6.04078055E+13
    25300.00      6.31055007E+13
    25400.00      6.59148897E+13
    25500.00      6.88402225E+13
    25600.00      7.18859195E+13
    25700.00      7.50565561E+13
    25800.00      7.83568411E+13
    25900.00      8.17916863E+13
    26000.00      8.53661397E+13
    26100.00      8.90854335E+13
    26200.00      9.29549984E+13
    26300.00      9.69804159E+13
    26400.00      1.01167488E+14
    26500.00      1.05522209E+14
    26600.00      1.10050755E+14
    26700.00      1.14759548E+14
    26800.00      1.19655195E+14
    26900.00      1.24744539E+14
    27000.00      1.30034661E+14
    27100.00      1.35532852E+14
    27200.00      1.41246685E+14
    27300.00      1.47183952E+14
    27400.00      1.53352713E+14
    27500.00      1.59761315E+14
    27600.00      1.66418344E+14
    27700.00      1.73332698E+14
    27800.00      1.80513565E+14
    27900.00      1.87970403E+14
    28000.00      1.95713029E+14
    28100.00      2.03751536E+14
    28200.00      2.12096357E+14
    28300.00      2.20758291E+14
    28400.00      2.29748431E+14
    28500.00      2.39078272E+14
    28600.00      2.48759675E+14
    28700.00      2.58804840E+14
    28800.00      2.69226413E+14
    28900.00      2.80037403E+14
    29000.00      2.91251238E+14
    29100.00      3.02881796E+14
    29200.00      3.14943352E+14
    29300.00      3.27450669E+14
    29400.00      3.40418956E+14
    29500.00      3.53863886E+14
    29600.00      3.67801658E+14
    29700.00      3.82248934E+14
    29800.00      3.97222918E+14
    29900.00      4.12741356E+14
    30000.00      4.28822500E+14
    30100.00      4.45485223E+14
    30200.00      4.62748932E+14
    30300.00      4.80633635E+14
    30400.00      4.99159998E+14
    30500.00      5.18349239E+14
    30600.00      5.38223285E+14
    30700.00      5.58804721E+14
    30800.00      5.80116763E+14
    30900.00      6.02183403E+14
    31000.00      6.25029306E+14
    31100.00      6.48679873E+14
    31200.00      6.73161321E+14
    31300.00      6.98500572E+14
    31400.00      7.24725414E+14
    31500.00      7.51864439E+14
    31600.00      7.79947063E+14
    31700.00      8.09003620E+14
    31800.00      8.39065300E+14
    31900.00      8.70164213E+14
    32000.00      9.02333451E+14
    32100.00      9.35607010E+14
    32200.00      9.70019941E+14
    32300.00      1.00560828E+15
    32400.00      1.04240911E+15
    32500.00      1.08046062E+15
    32600.00      1.11980205E+15
    32700.00      1.16047383E+15
    32800.00      1.20251753E+15
    32900.00      1.24597587E+15
    33000.00      1.29089287E+15
    33100.00      1.33731376E+15
    33200.00      1.38528504E+15
    33300.00      1.43485462E+15
    33400.00      1.48607164E+15
    33500.00      1.53898673E+15
    33600.00      1.59365193E+15
    33700.00      1.65012070E+15
    33800.00      1.70844805E+15
    33900.00      1.76869051E+15
    34000.00      1.83090617E+15
    34100.00      1.89515481E+15
    34200.00      1.96149777E+15
    34300.00      2.02999819E+15
    34400.00      2.10072089E+15
    34500.00      2.17373249E+15
    34600.00      2.24910150E+15
    34700.00      2.32689824E+15
    34800.00      2.40719499E+15
    34900.00      2.49006604E+15
    35000.00      2.57558762E+15
    35100.00      2.66383815E+15
    35200.00      2.75489809E+15
    35300.00      2.84885010E+15
    35400.00      2.94577913E+15
    35500.00      3.04577233E+15
    35600.00      3.14891927E+15
    35700.00      3.25531192E+15
    35800.00      3.36504463E+15
    35900.00      3.47821441E+15
    36000.00      3.59492075E+15
    36100.00      3.71526580E+15
    36200.00      3.83935450E+15
    36300.00      3.96729447E+15
    36400.00      4.09919622E+15
    36500.00      4.23517321E+15
    36600.00      4.37534178E+15
    36700.00      4.51982147E+15
    36800.00      4.66873481E+15
    36900.00      4.82220763E+15
    37000.00      4.98036902E+15
    37100.00      5.14335137E+15
    37200.00      5.31129060E+15
    37300.00      5.48432609E+15
    37400.00      5.66260081E+15
    37500.00      5.84626151E+15
    37600.00      6.03545859E+15
    37700.00      6.23034640E+15
    37800.00      6.43108323E+15
    37900.00      6.63783138E+15
    38000.00      6.85075734E+15
    38100.00      7.07003183E+15
    38200.00      7.29582982E+15
    38300.00      7.52833090E+15
    38400.00      7.76771898E+15
    38500.00      8.01418278E+15
    38600.00      8.26791573E+15
    38700.00      8.52911603E+15
    38800.00      8.79798701E+15
    38900.00      9.07473697E+15
    39000.00      9.35957940E+15
    39100.00      9.65273325E+15
    39200.00      9.95442272E+15
    39300.00      1.02648777E+16
    39400.00      1.05843338E+16
    39500.00      1.09130323E+16
    39600.00      1.12512207E+16
    39700.00      1.15991522E+16
    39800.00      1.19570865E+16
    39900.00      1.23252896E+16
    40000.00      1.27040340E+16
    40100.00      1.30935989E+16
    40200.00      1.34942702E+16
    40300.00      1.39063407E+16
    40400.00      1.43301106E+16
    40500.00      1.47658870E+16
    40600.00      1.52139846E+16
    40700.00      1.56747257E+16
    40800.00      1.61484402E+16
    40900.00      1.66354661E+16
    41000.00      1.71361495E+16
    41100.00      1.76508446E+16
    41200.00      1.81799142E+16
    41300.00      1.87237296E+16
    41400.00      1.92826711E+16
    41500.00      1.98571279E+16
    41600.00      2.04474984E+16
    41700.00      2.10541905E+16
    41800.00      2.16776217E+16
    41900.00      2.23182190E+16
    42000.00      2.29764201E+16
    42100.00      2.36526723E+16
    42200.00      2.43474337E+16
    42300.00      2.50611729E+16
    42400.00      2.57943697E+16
    42500.00      2.65475148E+16
    42600.00      2.73211103E+16
    42700.00      2.81156701E+16
    42800.00      2.89317197E+16
    42900.00      2.97697970E+16
    43000.00      3.06304521E+16
    43100.00      3.15142479E+16
    43200.00      3.24217599E+16
    43300.00      3.33535771E+16
    43400.00      3.43103019E+16
    43500.00      3.52925502E+16
    43600.00      3.63009522E+16
    43700.00      3.73361521E+16
    43800.00      3.83988091E+16
    43900.00      3.94895969E+16
    44000.00      4.06092046E+16
    44100.00      4.17583370E+16
    44200.00      4.29377145E+16
    44300.00      4.41480736E+16
    44400.00      4.53901677E+16
    44500.00      4.66647665E+16
    44600.00      4.79726574E+16
    44700.00      4.93146451E+16
    44800.00      5.06915521E+16
    44900.00      5.21042194E+16
    45000.00      5.35535064E+16
    45100.00      5.50402916E+16
    45200.00      5.65654730E+16
    45300.00      5.81299681E+16
    45400.00      5.97347149E+16
    45500.00      6.13806717E+16
    45600.00      6.30688179E+16
    45700.00      6.48001545E+16
    45800.00      6.65757041E+16
    45900.00      6.83965116E+16
    46000.00      7.02636447E+16
    46100.00      7.21781943E+16
    46200.00      7.41412749E+16
    46300.00      7.61540249E+16
    46400.00      7.82176077E+16
    46500.00      8.03332115E+16
    46600.00      8.25020499E+16
    46700.00      8.47253628E+16
    46800.00      8.70044167E+16
    46900.00      8.93405050E+16
    47000.00      9.17349489E+16
    47100.00      9.41890975E+16
    47200.00      9.67043289E+16
    47300.00      9.92820503E+16
    47400.00      1.01923699E+17
    47500.00      1.04630742E+17
    47600.00      1.07404678E+17
    47700.00      1.10247036E+17
    47800.00      1.13159381E+17
    47900.00      1.16143305E+17
    48000.00      1.19200439E+17
    48100.00      1.22332443E+17
    48200.00      1.25541017E+17
    48300.00      1.28827893E+17
    48400.00      1.32194838E+17
    48500.00      1.35643661E+17
    48600.00      1.39176202E+17
    48700.00      1.42794343E+17
    48800.00      1.46500006E+17
    48900.00      1.50295148E+17
    49000.00      1.54181772E+17
    49100.00      1.58161917E+17
    49200.00      1.62237667E+17
    49300.00      1.66411149E+17
    49400.00      1.70684531E+17
    49500.00      1.75060028E+17
    49600.00      1.79539898E+17
    49700.00      1.84126445E+17
    49800.00      1.88822023E+17
    49900.00      1.93629030E+17
    50000.00      1.98549915E+17
