        0.00      0.00000000E+00
      100.00      3.40714400E+02
      200.00      8.09661954E+02
      300.00      1.56866004E+03
      400.00      2.61752605E+03
      500.00      4.06583956E+03
      600.00      6.08047426E+03
      700.00      8.70784920E+03
      800.00      1.23273749E+04
      900.00      1.73987692E+04
     1000.00      2.36881853E+04
     1100.00      3.20080564E+04
     1200.00      4.31140393E+04
     1300.00      5.63912078E+04
     1400.00      7.40946525E+04
     1500.00      9.70233108E+04
     1600.00      1.24096904E+05
     1700.00      1.58814291E+05
     1800.00      2.01813285E+05
     1900.00      2.52512645E+05
     2000.00      3.16635937E+05
     2100.00      3.93070627E+05
     2200.00      4.85416149E+05
     2300.00      5.97615494E+05
     2400.00      7.29766999E+05
     2500.00      8.90325947E+05
     2600.00      1.07970103E+06
     2700.00      1.30043706E+06
     2800.00      1.57021617E+06
     2900.00      1.87838954E+06
     3000.00      2.24069237E+06
     3100.00      2.67481644E+06
     3200.00      3.16816354E+06
     3300.00      3.74678463E+06
     3400.00      4.42612244E+06
     3500.00      5.19959643E+06
     3600.00      6.10202700E+06
     3700.00      7.14145512E+06
     3800.00      8.33561491E+06
     3900.00      9.70826979E+06
     4000.00      1.12734979E+07
     4100.00      1.30824001E+07
     4200.00      1.51278087E+07
     4300.00      1.74615229E+07
     4400.00      2.01384849E+07
     4500.00      2.31516339E+07
     4600.00      2.65748777E+07
     4700.00      3.04783275E+07
     4800.00      3.48445387E+07
     4900.00      3.98170968E+07
     5000.00      4.54003120E+07
     5100.00      5.16898233E+07
     5200.00      5.87673197E+07
     5300.00      6.67088553E+07
     5400.00      7.56102296E+07
     5500.00      8.56181963E+07
     5600.00      9.67374950E+07
     5700.00      1.09255235E+08
     5800.00      1.23163950E+08
     5900.00      1.38687494E+08
     6000.00      1.55985318E+08
     6100.00      1.75246016E+08
     6200.00      1.96583297E+08
     6300.00      2.20379942E+08
     6400.00      2.46672918E+08
     6500.00      2.75887457E+08
     6600.00      3.08165007E+08
     6700.00      3.43943802E+08
     6800.00      3.83384634E+08
     6900.00      4.27019240E+08
     7000.00      4.75096517E+08
     7100.00      5.28138941E+08
     7200.00      5.86447790E+08
     7300.00      6.50785542E+08
     7400.00      7.21328797E+08
     7500.00      7.98952969E+08
     7600.00      8.84149315E+08
     7700.00      9.77603867E+08
     7800.00      1.07993134E+09
     7900.00      1.19226197E+09
     8000.00      1.31495344E+09
     8100.00      1.44928832E+09
     8200.00      1.59611095E+09
     8300.00      1.75650836E+09
     8400.00      1.93143928E+09
     8500.00      2.12249115E+09
     8600.00      2.33058676E+09
     8700.00      2.55742761E+09
     8800.00      2.80425190E+09
     8900.00      3.07303474E+09
     9000.00      3.36512719E+09
     9100.00      3.68269912E+09
     9200.00      4.02757718E+09
     9300.00      4.40210502E+09
     9400.00      4.80816737E+09
     9500.00      5.24880894E+09
     9600.00      5.72612621E+09
     9700.00      6.24327243E+09
     9800.00      6.80299209E+09
     9900.00      7.40885107E+09
    10000.00      8.06382288E+09
    10100.00      8.77202994E+09
    10200.00      9.53690468E+09
    10300.00      1.03631962E+10
    10400.00      1.12546696E+10
    10500.00      1.22167095E+10
    10600.00      1.32538550E+10
    10700.00      1.43718346E+10
    10800.00      1.55761438E+10
    10900.00      1.68731454E+10
    11000.00      1.82687208E+10
    11100.00      1.97707736E+10
    11200.00      2.13855287E+10
    11300.00      2.31215002E+10
    11400.00      2.49868806E+10
    11500.00      2.69901554E+10
    11600.00      2.91406235E+10
    11700.00      3.14490350E+10
    11800.00      3.39246089E+10
    11900.00      3.65793805E+10
    12000.00      3.94250217E+10
    12100.00      4.24739021E+10
    12200.00      4.57392469E+10
    12300.00      4.92352965E+10
    12400.00      5.29768664E+10
    12500.00      5.69798187E+10
    12600.00      6.12604006E+10
    12700.00      6.58370587E+10
    12800.00      7.07276658E+10
    12900.00      7.59522318E+10
    13000.00      8.15321708E+10
    13100.00      8.74884388E+10
    13200.00      9.38452866E+10
    13300.00      1.00627125E+11
    13400.00      1.07859233E+11
    13500.00      1.15570416E+11
    13600.00      1.23788319E+11
    13700.00      1.32543606E+11
    13800.00      1.41870047E+11
    13900.00      1.51799385E+11
    14000.00      1.62368823E+11
    14100.00      1.73616261E+11
    14200.00      1.85580238E+11
    14300.00      1.98304252E+11
    14400.00      2.11831212E+11
    14500.00      2.26207745E+11
    14600.00      2.41484259E+11
    14700.00      2.57709530E+11
    14800.00      2.74940313E+11
    14900.00      2.93232723E+11
    15000.00      3.12645372E+11
    15100.00      3.33243749E+11
    15200.00      3.55092518E+11
    15300.00      3.78260970E+11
    15400.00      4.02824124E+11
    15500.00      4.28856272E+11
    15600.00      4.56441217E+11
    15700.00      4.85660806E+11
    15800.00      5.16605283E+11
    15900.00      5.49369566E+11
    16000.00      5.84048609E+11
    16100.00      6.20747145E+11
    16200.00      6.59574685E+11
    16300.00      7.00639133E+11
    16400.00      7.44065767E+11
    16500.00      7.89974145E+11
    16600.00      8.38495674E+11
    16700.00      8.89769177E+11
    16800.00      9.43934649E+11
    16900.00      1.00114327E+12
    17000.00      1.06155438E+12
    17100.00      1.12532676E+12
    17200.00      1.19263915E+12
    17300.00      1.26366665E+12
    17400.00      1.33860016E+12
    17500.00      1.41763684E+12
    17600.00      1.50098150E+12
    17700.00      1.58885225E+12
    17800.00      1.68147383E+12
    17900.00      1.77907942E+12
    18000.00      1.88192268E+12
    18100.00      1.99025312E+12
    18200.00      2.10434559E+12
    18300.00      2.22448169E+12
    18400.00      2.35095111E+12
    18500.00      2.48406589E+12
    18600.00      2.62414504E+12
    18700.00      2.77152070E+12
    18800.00      2.92654926E+12
    18900.00      3.08958716E+12
    19000.00      3.26102207E+12
    19100.00      3.44124984E+12
    19200.00      3.63068062E+12
    19300.00      3.82975391E+12
    19400.00      4.03891670E+12
    19500.00      4.25863708E+12
    19600.00      4.48941317E+12
    19700.00      4.73174699E+12
    19800.00      4.98617806E+12
    19900.00      5.25325942E+12
    20000.00      5.53356771E+12
    20100.00      5.82771028E+12
    20200.00      6.13631089E+12
    20300.00      6.46002413E+12
    20400.00      6.79953593E+12
    20500.00      7.15554614E+12
    20600.00      7.52880321E+12
    20700.00      7.92006861E+12
    20800.00      8.33014301E+12
    20900.00      8.75986448E+12
    21000.00      9.21009010E+12
    21100.00      9.68172628E+12
    21200.00      1.01757136E+13
    21300.00      1.06930144E+13
    21400.00      1.12346571E+13
    21500.00      1.18016870E+13
    21600.00      1.23951976E+13
    21700.00      1.30163378E+13
    21800.00      1.36662809E+13
    21900.00      1.43462623E+13
    22000.00      1.50575620E+13
    22100.00      1.58015005E+13
    22200.00      1.65794682E+13
    22300.00      1.73928891E+13
    22400.00      1.82432534E+13
    22500.00      1.91321140E+13
    22600.00      2.00610617E+13
    22700.00      2.10317759E+13
    22800.00      2.20459797E+13
    22900.00      2.31054640E+13
    23000.00      2.42121034E+13
    23100.00      2.53678172E+13
    23200.00      2.65746183E+13
    23300.00      2.78345917E+13
    23400.00      2.91498789E+13
    23500.00      3.05227395E+13
    23600.00      3.19554808E+13
    23700.00      3.34505082E+13
    23800.00      3.50103328E+13
    23900.00      3.66375225E+13
    24000.00      3.83347712E+13
    24100.00      4.01048607E+13
    24200.00      4.19506557E+13
    24300.00      4.38751637E+13
    24400.00      4.58814610E+13
    24500.00      4.79727531E+13
    24600.00      5.01523744E+13
    24700.00      5.24237406E+13
    24800.00      5.47904298E+13
    24900.00      5.72561259E+13
    25000.00      5.98246357E+13
    25100.00      6.24999328E+13
    25200.00      6.52860884E+13
    25300.00      6.81873512E+13
    25400.00      7.12081095E+13
    25500.00      7.43528794E+13
    25600.00      7.76263855E+13
    25700.00      8.10334671E+13
    25800.00      8.45791460E+13
    25900.00      8.82686497E+13
    26000.00      9.21073218E+13
    26100.00      9.61007494E+13
    26200.00      1.00254685E+14
    26300.00      1.04575056E+14
    26400.00      1.09068047E+14
    26500.00      1.13739994E+14
    26600.00      1.18597471E+14
    26700.00      1.23647301E+14
    26800.00      1.28896472E+14
    26900.00      1.34352272E+14
    27000.00      1.40022198E+14
    27100.00      1.45913984E+14
    27200.00      1.52035670E+14
    27300.00      1.58395505E+14
    27400.00      1.65002047E+14
    27500.00      1.71864138E+14
    27600.00      1.78990865E+14
    27700.00      1.86391682E+14
    27800.00      1.94076295E+14
    27900.00      2.02054735E+14
    28000.00      2.10337406E+14
    28100.00      2.18934968E+14
    28200.00      2.27858498E+14
    28300.00      2.37119402E+14
    28400.00      2.46729418E+14
    28500.00      2.56700737E+14
    28600.00      2.67045866E+14
    28700.00      2.77777730E+14
    28800.00      2.88909718E+14
    28900.00      3.00455538E+14
    29000.00      3.12429432E+14
    29100.00      3.24846046E+14
    29200.00      3.37720457E+14
    29300.00      3.51068289E+14
    29400.00      3.64905582E+14
    29500.00      3.79248903E+14
    29600.00      3.94115368E+14
    29700.00      4.09522537E+14
    29800.00      4.25488615E+14
    29900.00      4.42032300E+14
    30000.00      4.59172862E+14
    30100.00      4.76930230E+14
    30200.00      4.95324851E+14
    30300.00      5.14377857E+14
    30400.00      5.34111026E+14
    30500.00      5.54546724E+14
    30600.00      5.75708107E+14
    30700.00      5.97618930E+14
    30800.00      6.20303692E+14
    30900.00      6.43787692E+14
    31000.00      6.68096862E+14
    31100.00      6.93258016E+14
    31200.00      7.19298749E+14
    31300.00      7.46247386E+14
    31400.00      7.74133240E+14
    31500.00      8.02986364E+14
    31600.00      8.32837737E+14
    31700.00      8.63719311E+14
    31800.00      8.95663852E+14
    31900.00      9.28705198E+14
    32000.00      9.62878137E+14
    32100.00      9.98218406E+14
    32200.00      1.03476292E+15
    32300.00      1.07254951E+15
    32400.00      1.11161720E+15
    32500.00      1.15200614E+15
    32600.00      1.19375753E+15
    32700.00      1.23691390E+15
    32800.00      1.28151890E+15
    32900.00      1.32761741E+15
    33000.00      1.37525571E+15
    33100.00      1.42448123E+15
    33200.00      1.47534286E+15
    33300.00      1.52789088E+15
    33400.00      1.58217686E+15
    33500.00      1.63825399E+15
    33600.00      1.69617683E+15
    33700.00      1.75600148E+15
    33800.00      1.81778572E+15
    33900.00      1.88158877E+15
    34000.00      1.94747162E+15
    34100.00      2.01549693E+15
    34200.00      2.08572900E+15
    34300.00      2.15823410E+15
    34400.00      2.23308011E+15
    34500.00      2.31033688E+15
    34600.00      2.39007623E+15
    34700.00      2.47237179E+15
    34800.00      2.55729936E+15
    34900.00      2.64493671E+15
    35000.00      2.73536369E+15
    35100.00      2.82866247E+15
    35200.00      2.92491722E+15
    35300.00      3.02421457E+15
    35400.00      3.12664341E+15
    35500.00      3.23229494E+15
    35600.00      3.34126296E+15
    35700.00      3.45364365E+15
    35800.00      3.56953575E+15
    35900.00      3.68904079E+15
    36000.00      3.81226274E+15
    36100.00      3.93930854E+15
    36200.00      4.07028788E+15
    36300.00      4.20531324E+15
    36400.00      4.34450027E+15
    36500.00      4.48796748E+15
    36600.00      4.63583650E+15
    36700.00      4.78823228E+15
    36800.00      4.94528280E+15
    36900.00      5.10711958E+15
    37000.00      5.27387745E+15
    37100.00      5.44569468E+15
    37200.00      5.62271329E+15
    37300.00      5.80507875E+15
    37400.00      5.99294039E+15
    37500.00      6.18645142E+15
    37600.00      6.38576878E+15
    37700.00      6.59105368E+15
    37800.00      6.80247123E+15
    37900.00      7.02019080E+15
    38000.00      7.24438617E+15
    38100.00      7.47523532E+15
    38200.00      7.71292088E+15
    38300.00      7.95763012E+15
    38400.00      8.20955478E+15
    38500.00      8.46889177E+15
    38600.00      8.73584262E+15
    38700.00      9.01061405E+15
    38800.00      9.29341800E+15
    38900.00      9.58447149E+15
    39000.00      9.88399710E+15
    39100.00      1.01922229E+16
    39200.00      1.05093825E+16
    39300.00      1.08357156E+16
    39400.00      1.11714672E+16
    39500.00      1.15168889E+16
    39600.00      1.18722383E+16
    39700.00      1.22377792E+16
    39800.00      1.26137819E+16
    39900.00      1.30005234E+16
    40000.00      1.33982872E+16
    40100.00      1.38073641E+16
    40200.00      1.42280514E+16
    40300.00      1.46606539E+16
    40400.00      1.51054840E+16
    40500.00      1.55628610E+16
    40600.00      1.60331125E+16
    40700.00      1.65165735E+16
    40800.00      1.70135873E+16
    40900.00      1.75245054E+16
    41000.00      1.80496874E+16
    41100.00      1.85895018E+16
    41200.00      1.91443256E+16
    41300.00      1.97145448E+16
    41400.00      2.03005547E+16
    41500.00      2.09027597E+16
    41600.00      2.15215737E+16
    41700.00      2.21574207E+16
    41800.00      2.28107342E+16
    41900.00      2.34819581E+16
    42000.00      2.41715467E+16
    42100.00      2.48799645E+16
    42200.00      2.56076876E+16
    42300.00      2.63552023E+16
    42400.00      2.71230066E+16
    42500.00      2.79116103E+16
    42600.00      2.87215342E+16
    42700.00      2.95533119E+16
    42800.00      3.04074888E+16
    42900.00      3.12846228E+16
    43000.00      3.21852851E+16
    43100.00      3.31100593E+16
    43200.00      3.40595427E+16
    43300.00      3.50343463E+16
    43400.00      3.60350944E+16
    43500.00      3.70624263E+16
    43600.00      3.81169953E+16
    43700.00      3.91994692E+16
    43800.00      4.03105317E+16
    43900.00      4.14508811E+16
    44000.00      4.26212317E+16
    44100.00      4.38223139E+16
    44200.00      4.50548743E+16
    44300.00      4.63196763E+16
    44400.00      4.76175003E+16
    44500.00      4.89491440E+16
    44600.00      5.03154231E+16
    44700.00      5.17171709E+16
    44800.00      5.31552397E+16
    44900.00      5.46305002E+16
    45000.00      5.61438424E+16
    45100.00      5.76961761E+16
    45200.00      5.92884310E+16
    45300.00      6.09215570E+16
    45400.00      6.25965251E+16
    45500.00      6.43143272E+16
    45600.00      6.60759772E+16
    45700.00      6.78825107E+16
    45800.00      6.97349859E+16
    45900.00      7.16344844E+16
    46000.00      7.35821104E+16
    46100.00      7.55789927E+16
    46200.00      7.76262842E+16
    46300.00      7.97251623E+16
    46400.00      8.18768304E+16
    46500.00      8.40825170E+16
    46600.00      8.63434772E+16
    46700.00      8.86609933E+16
    46800.00      9.10363743E+16
    46900.00      9.34709574E+16
    47000.00      9.59661085E+16
    47100.00      9.85232219E+16
    47200.00      1.01143722E+17
    47300.00      1.03829063E+17
    47400.00      1.06580730E+17
    47500.00      1.09400239E+17
    47600.00      1.12289138E+17
    47700.00      1.15249009E+17
    47800.00      1.18281464E+17
    47900.00      1.21388151E+17
    48000.00      1.24570753E+17
    48100.00      1.27830986E+17
    48200.00      1.31170603E+17
    48300.00      1.34591394E+17
    48400.00      1.38095184E+17
    48500.00      1.41683838E+17
    48600.00      1.45359259E+17
    48700.00      1.49123388E+17
    48800.00      1.52978207E+17
    48900.00      1.56925738E+17
    49000.00      1.60968047E+17
    49100.00      1.65107239E+17
    49200.00      1.69345463E+17
    49300.00      1.73684912E+17
    49400.00      1.78127798E+17
    49500.00      1.82676163E+17
    49600.00      1.87330285E+17
    49700.00      1.92078080E+17
    49800.00      1.96838482E+17
    49900.00      2.01230120E+17
    50000.00      2.03909711E+17
