        0.00      0.00000000E+00
      100.00      4.85423969E+01
      200.00      1.05400304E+02
      300.00      1.30838644E+02
      400.00      2.17964355E+02
      500.00      2.73140951E+02
      600.00      3.31507853E+02
      700.00      3.79003417E+02
      800.00      4.69688361E+02
      900.00      4.38725446E+02
     1000.00      6.21682798E+02
     1100.00      6.20979813E+02
     1200.00      6.13424632E+02
     1300.00      7.97639878E+02
     1400.00      8.65384392E+02
     1500.00      9.61353599E+02
     1600.00      1.19381549E+03
     1700.00      1.35647313E+03
     1800.00      1.37496026E+03
     1900.00      1.68703928E+03
     2000.00      1.91652490E+03
     2100.00      2.03849708E+03
     2200.00      2.02942445E+03
     2300.00      2.50379261E+03
     2400.00      2.50634074E+03
     2500.00      2.76141557E+03
     2600.00      2.88122592E+03
     2700.00      2.95713121E+03
     2800.00      3.41320432E+03
     2900.00      3.82864070E+03
     3000.00      3.92129787E+03
     3100.00      4.13162899E+03
     3200.00      4.67490923E+03
     3300.00      5.00709550E+03
     3400.00      5.29030555E+03
     3500.00      5.69155444E+03
     3600.00      5.90206747E+03
     3700.00      6.23840496E+03
     3800.00      6.94356785E+03
     3900.00      7.05745616E+03
     4000.00      7.33157494E+03
     4100.00      7.81801650E+03
     4200.00      8.10139530E+03
     4300.00      8.83918765E+03
     4400.00      9.41954180E+03
     4500.00      9.90401440E+03
     4600.00      1.01234678E+04
     4700.00      1.10495004E+04
     4800.00      1.15789209E+04
     4900.00      1.19456099E+04
     5000.00      1.25834645E+04
     5100.00      1.33708226E+04
     5200.00      1.38724079E+04
     5300.00      1.42444994E+04
     5400.00      1.47898842E+04
     5500.00      1.57540391E+04
     5600.00      1.64665958E+04
     5700.00      1.71744918E+04
     5800.00      1.80248892E+04
     5900.00      1.82792357E+04
     6000.00      1.97165097E+04
     6100.00      2.04375578E+04
     6200.00      2.13535126E+04
     6300.00      2.20213349E+04
     6400.00      2.29955582E+04
     6500.00      2.37693596E+04
     6600.00      2.49275380E+04
     6700.00      2.51149257E+04
     6800.00      2.65640489E+04
     6900.00      2.70488077E+04
     7000.00      2.89712260E+04
     7100.00      2.97250551E+04
     7200.00      3.08339380E+04
     7300.00      3.11764464E+04
     7400.00      3.26752666E+04
     7500.00      3.41721143E+04
     7600.00      3.59705054E+04
     7700.00      3.65942093E+04
     7800.00      3.75867760E+04
     7900.00      3.86929662E+04
     8000.00      4.01497792E+04
     8100.00      4.10914011E+04
     8200.00      4.22333464E+04
     8300.00      4.43605733E+04
     8400.00      4.53570475E+04
     8500.00      4.74114341E+04
     8600.00      4.81571550E+04
     8700.00      4.95780291E+04
     8800.00      5.11219073E+04
     8900.00      5.30535570E+04
     9000.00      5.45668572E+04
     9100.00      5.65294657E+04
     9200.00      5.80431803E+04
     9300.00      5.91370335E+04
     9400.00      6.09465546E+04
     9500.00      6.21651633E+04
     9600.00      6.39548697E+04
     9700.00      6.60913598E+04
     9800.00      6.80950064E+04
     9900.00      7.03673564E+04
    10000.00      7.15530342E+04
    10100.00      7.33061955E+04
    10200.00      7.56923311E+04
    10300.00      7.78108679E+04
    10400.00      7.99054635E+04
    10500.00      8.19031596E+04
    10600.00      8.35623553E+04
    10700.00      8.63129771E+04
    10800.00      8.75233195E+04
    10900.00      8.99624546E+04
    11000.00      9.21353399E+04
    11100.00      9.47375857E+04
    11200.00      9.68735526E+04
    11300.00      9.93809805E+04
    11400.00      1.01391858E+05
    11500.00      1.03928218E+05
    11600.00      1.06191287E+05
    11700.00      1.09373268E+05
    11800.00      1.11679825E+05
    11900.00      1.15316214E+05
    12000.00      1.16036758E+05
    12100.00      1.19174528E+05
    12200.00      1.21744769E+05
    12300.00      1.24936704E+05
    12400.00      1.26881028E+05
    12500.00      1.30179748E+05
    12600.00      1.32684648E+05
    12700.00      1.36781022E+05
    12800.00      1.38402015E+05
    12900.00      1.41286731E+05
    13000.00      1.45006175E+05
    13100.00      1.48312054E+05
    13200.00      1.51201443E+05
    13300.00      1.54749030E+05
    13400.00      1.56763411E+05
    13500.00      1.60570612E+05
    13600.00      1.63879842E+05
    13700.00      1.66615139E+05
    13800.00      1.69531764E+05
    13900.00      1.74621814E+05
    14000.00      1.76787414E+05
    14100.00      1.81229479E+05
    14200.00      1.83913451E+05
    14300.00      1.87313692E+05
    14400.00      1.91479921E+05
    14500.00      1.95405315E+05
    14600.00      1.99117516E+05
    14700.00      2.02817661E+05
    14800.00      2.05254879E+05
    14900.00      2.10945297E+05
    15000.00      2.14638588E+05
    15100.00      2.17537749E+05
    15200.00      2.22089294E+05
    15300.00      2.25344772E+05
    15400.00      2.31165055E+05
    15500.00      2.33868282E+05
    15600.00      2.37849646E+05
    15700.00      2.42160763E+05
    15800.00      2.48184118E+05
    15900.00      2.51311345E+05
    16000.00      2.56081906E+05
    16100.00      2.60265624E+05
    16200.00      2.64788980E+05
    16300.00      2.69414509E+05
    16400.00      2.74259894E+05
    16500.00      2.77527057E+05
    16600.00      2.83733093E+05
    16700.00      2.87425514E+05
    16800.00      2.92940185E+05
    16900.00      2.97044297E+05
    17000.00      3.03075824E+05
    17100.00      3.06549640E+05
    17200.00      3.13860927E+05
    17300.00      3.17789970E+05
    17400.00      3.23735276E+05
    17500.00      3.27845875E+05
    17600.00      3.32445133E+05
    17700.00      3.37738623E+05
    17800.00      3.43943369E+05
    17900.00      3.48764950E+05
    18000.00      3.55006411E+05
    18100.00      3.60388800E+05
    18200.00      3.67057514E+05
    18300.00      3.70734960E+05
    18400.00      3.75868780E+05
    18500.00      3.83514280E+05
    18600.00      3.89717339E+05
    18700.00      3.94176745E+05
    18800.00      4.01795818E+05
    18900.00      4.06212330E+05
    19000.00      4.11984850E+05
    19100.00      4.18052911E+05
    19200.00      4.24122102E+05
    19300.00      4.30576814E+05
    19400.00      4.38088789E+05
    19500.00      4.43317941E+05
    19600.00      4.52205829E+05
    19700.00      4.55982107E+05
    19800.00      4.62435510E+05
    19900.00      4.70168731E+05
    20000.00      4.75915164E+05
    20100.00      4.84188810E+05
    20200.00      4.89493241E+05
    20300.00      4.95694071E+05
    20400.00      5.03624876E+05
    20500.00      5.11048698E+05
    20600.00      5.17109108E+05
    20700.00      5.23838555E+05
    20800.00      5.32501547E+05
    20900.00      5.39655923E+05
    21000.00      5.47743011E+05
    21100.00      5.53359967E+05
    21200.00      5.60137634E+05
    21300.00      5.69277530E+05
    21400.00      5.75949688E+05
    21500.00      5.83452029E+05
    21600.00      5.91971809E+05
    21700.00      5.98101447E+05
    21800.00      6.07073625E+05
    21900.00      6.16372182E+05
    22000.00      6.22464241E+05
    22100.00      6.32247280E+05
    22200.00      6.38452625E+05
    22300.00      6.47455556E+05
    22400.00      6.56037799E+05
    22500.00      6.63128794E+05
    22600.00      6.72209944E+05
    22700.00      6.79544315E+05
    22800.00      6.87980924E+05
    22900.00      7.00333406E+05
    23000.00      7.04996671E+05
    23100.00      7.14520687E+05
    23200.00      7.25181742E+05
    23300.00      7.33688763E+05
    23400.00      7.41256171E+05
    23500.00      7.51971161E+05
    23600.00      7.59948797E+05
    23700.00      7.69021790E+05
    23800.00      7.77437573E+05
    23900.00      7.87235997E+05
    24000.00      7.95056759E+05
    24100.00      8.05881652E+05
    24200.00      8.15666407E+05
    24300.00      8.28282469E+05
    24400.00      8.35781229E+05
    24500.00      8.43775791E+05
    24600.00      8.55151758E+05
    24700.00      8.65270828E+05
    24800.00      8.75114481E+05
    24900.00      8.85828706E+05
    25000.00      8.94888090E+05
    25100.00      9.05861719E+05
    25200.00      9.15389306E+05
    25300.00      9.23580086E+05
    25400.00      9.34966200E+05
    25500.00      9.44719517E+05
    25600.00      9.58825507E+05
    25700.00      9.70432550E+05
    25800.00      9.78047741E+05
    25900.00      9.90777239E+05
    26000.00      1.00197767E+06
    26100.00      1.01211587E+06
    26200.00      1.02342922E+06
    26300.00      1.03377140E+06
    26400.00      1.04561752E+06
    26500.00      1.05826795E+06
    26600.00      1.06649096E+06
    26700.00      1.07696474E+06
    26800.00      1.08979917E+06
    26900.00      1.10055942E+06
    27000.00      1.11581691E+06
    27100.00      1.12886631E+06
    27200.00      1.13628717E+06
    27300.00      1.15274782E+06
    27400.00      1.16379593E+06
    27500.00      1.17515987E+06
    27600.00      1.18806099E+06
    27700.00      1.19958968E+06
    27800.00      1.21087707E+06
    27900.00      1.22510849E+06
    28000.00      1.23502475E+06
    28100.00      1.24619761E+06
    28200.00      1.25994200E+06
    28300.00      1.27431177E+06
    28400.00      1.28825248E+06
    28500.00      1.30251231E+06
    28600.00      1.31334742E+06
    28700.00      1.33005137E+06
    28800.00      1.34087609E+06
    28900.00      1.35662231E+06
    29000.00      1.36827765E+06
    29100.00      1.38092987E+06
    29200.00      1.39536266E+06
    29300.00      1.40814532E+06
    29400.00      1.41941868E+06
    29500.00      1.43392564E+06
    29600.00      1.44634588E+06
    29700.00      1.46151710E+06
    29800.00      1.48160707E+06
    29900.00      1.49397401E+06
    30000.00      1.50647597E+06
    30100.00      1.52328255E+06
    30200.00      1.53798392E+06
    30300.00      1.55201999E+06
    30400.00      1.56714169E+06
    30500.00      1.58123408E+06
    30600.00      1.59711410E+06
    30700.00      1.60796591E+06
    30800.00      1.62410837E+06
    30900.00      1.63602769E+06
    31000.00      1.65205362E+06
    31100.00      1.66963388E+06
    31200.00      1.68757271E+06
    31300.00      1.70327190E+06
    31400.00      1.71901338E+06
    31500.00      1.73637133E+06
    31600.00      1.75069127E+06
    31700.00      1.76781659E+06
    31800.00      1.78521526E+06
    31900.00      1.79822653E+06
    32000.00      1.81656775E+06
    32100.00      1.82895252E+06
    32200.00      1.84352799E+06
    32300.00      1.86041571E+06
    32400.00      1.87644448E+06
    32500.00      1.89466021E+06
    32600.00      1.91341075E+06
    32700.00      1.93006434E+06
    32800.00      1.94962907E+06
    32900.00      1.96756764E+06
    33000.00      1.98445334E+06
    33100.00      2.00366283E+06
    33200.00      2.01809260E+06
    33300.00      2.03741503E+06
    33400.00      2.05636988E+06
    33500.00      2.06709215E+06
    33600.00      2.08658349E+06
    33700.00      2.10070192E+06
    33800.00      2.11842752E+06
    33900.00      2.14067133E+06
    34000.00      2.16144363E+06
    34100.00      2.17668691E+06
    34200.00      2.19802378E+06
    34300.00      2.21712345E+06
    34400.00      2.23782254E+06
    34500.00      2.25713062E+06
    34600.00      2.27785595E+06
    34700.00      2.29227929E+06
    34800.00      2.31369752E+06
    34900.00      2.32922952E+06
    35000.00      2.34688463E+06
    35100.00      2.36348186E+06
    35200.00      2.38494528E+06
    35300.00      2.40290411E+06
    35400.00      2.42728641E+06
    35500.00      2.44742108E+06
    35600.00      2.46661069E+06
    35700.00      2.48811149E+06
    35800.00      2.51077374E+06
    35900.00      2.52881853E+06
    36000.00      2.55346481E+06
    36100.00      2.57301367E+06
    36200.00      2.59395048E+06
    36300.00      2.60915922E+06
    36400.00      2.62935675E+06
    36500.00      2.64773895E+06
    36600.00      2.66839085E+06
    36700.00      2.69286336E+06
    36800.00      2.71637609E+06
    36900.00      2.73559559E+06
    37000.00      2.75592314E+06
    37100.00      2.78199565E+06
    37200.00      2.80281429E+06
    37300.00      2.82476429E+06
    37400.00      2.84809167E+06
    37500.00      2.87261934E+06
    37600.00      2.89139767E+06
    37700.00      2.91653987E+06
    37800.00      2.93159624E+06
    37900.00      2.95437740E+06
    38000.00      2.97819888E+06
    38100.00      3.00474387E+06
    38200.00      3.02362846E+06
    38300.00      3.04766977E+06
    38400.00      3.07103615E+06
    38500.00      3.09403109E+06
    38600.00      3.11865797E+06
    38700.00      3.14440481E+06
    38800.00      3.16489037E+06
    38900.00      3.19035274E+06
    39000.00      3.21569011E+06
    39100.00      3.23831970E+06
    39200.00      3.25767792E+06
    39300.00      3.28674142E+06
    39400.00      3.30876831E+06
    39500.00      3.33658218E+06
    39600.00      3.35970238E+06
    39700.00      3.38400341E+06
    39800.00      3.40572714E+06
    39900.00      3.43416153E+06
    40000.00      3.45666434E+06
    40100.00      3.48223176E+06
    40200.00      3.50909433E+06
    40300.00      3.53575896E+06
    40400.00      3.55776105E+06
    40500.00      3.58469476E+06
    40600.00      3.60760956E+06
    40700.00      3.63422744E+06
    40800.00      3.66398239E+06
    40900.00      3.69629939E+06
    41000.00      3.71562996E+06
    41100.00      3.74286482E+06
    41200.00      3.77007699E+06
    41300.00      3.79595857E+06
    41400.00      3.81775829E+06
    41500.00      3.85357244E+06
    41600.00      3.87087340E+06
    41700.00      3.90100173E+06
    41800.00      3.93251108E+06
    41900.00      3.95280519E+06
    42000.00      3.97891456E+06
    42100.00      4.01073355E+06
    42200.00      4.03860147E+06
    42300.00      4.07263785E+06
    42400.00      4.10194328E+06
    42500.00      4.12482438E+06
    42600.00      4.15671994E+06
    42700.00      4.18256418E+06
    42800.00      4.20931119E+06
    42900.00      4.23977743E+06
    43000.00      4.26714290E+06
    43100.00      4.29655135E+06
    43200.00      4.32506956E+06
    43300.00      4.34690963E+06
    43400.00      4.37899042E+06
    43500.00      4.40739557E+06
    43600.00      4.44097370E+06
    43700.00      4.47717769E+06
    43800.00      4.50413753E+06
    43900.00      4.53066710E+06
    44000.00      4.57093384E+06
    44100.00      4.59358316E+06
    44200.00      4.62597797E+06
    44300.00      4.65711012E+06
    44400.00      4.68859349E+06
    44500.00      4.70984356E+06
    44600.00      4.74705282E+06
    44700.00      4.77069876E+06
    44800.00      4.80150348E+06
    44900.00      4.83514967E+06
    45000.00      4.87255592E+06
    45100.00      4.90049155E+06
    45200.00      4.93422574E+06
    45300.00      4.96795468E+06
    45400.00      5.00039930E+06
    45500.00      5.03131807E+06
    45600.00      5.07323880E+06
    45700.00      5.09615804E+06
    45800.00      5.13069638E+06
    45900.00      5.16155134E+06
    46000.00      5.19507205E+06
    46100.00      5.21646543E+06
    46200.00      5.25832580E+06
    46300.00      5.28497475E+06
    46400.00      5.32351255E+06
    46500.00      5.36318599E+06
    46600.00      5.39223446E+06
    46700.00      5.42516967E+06
    46800.00      5.46180983E+06
    46900.00      5.49707334E+06
    47000.00      5.53385801E+06
    47100.00      5.56781443E+06
    47200.00      5.60515161E+06
    47300.00      5.63537789E+06
    47400.00      5.66787610E+06
    47500.00      5.69961974E+06
    47600.00      5.73368124E+06
    47700.00      5.76609777E+06
    47800.00      5.81015946E+06
    47900.00      5.84365454E+06
    48000.00      5.87689672E+06
    48100.00      5.91898043E+06
    48200.00      5.94908720E+06
    48300.00      5.98354322E+06
    48400.00      6.03092082E+06
    48500.00      6.05964900E+06
    48600.00      6.10054023E+06
    48700.00      6.14163066E+06
    48800.00      6.16642746E+06
    48900.00      6.20489145E+06
    49000.00      6.24094889E+06
    49100.00      6.27774049E+06
    49200.00      6.31814288E+06
    49300.00      6.35611851E+06
    49400.00      6.39309397E+06
    49500.00      6.43345208E+06
    49600.00      6.46602597E+06
    49700.00      6.50716901E+06
    49800.00      6.54257527E+06
    49900.00      6.58255069E+06
    50000.00      6.62679353E+06
