 [Molden Format]
 [GEOMETRIES] XYZ
           8
           1  -7.0621306130647250     
O        -1.28917        0.00646        0.02916
C        -0.05611       -0.01963        0.00164
C         0.75159       -0.26828        1.22122
C         0.69752       -0.00079       -1.24569
H         0.24994       -0.01152        2.16795
H         1.81346       -0.00818        1.19329
H         0.14834        0.00177       -2.18668
H         1.78277        0.00016       -1.28418
           8
           2  -6.2109146545558191     
O        -1.27369        0.01965        0.02521
C        -0.10025       -0.04949        0.00960
C         0.76531       -0.21109        1.19170
C         0.71076       -0.01599       -1.22059
H         0.24985       -0.03536        2.16308
H         1.81459       -0.01848        1.18947
H         0.14833        0.00842       -2.18234
H         1.78343        0.00233       -1.27941
           8
           3 -0.90525075848875280     
O        -1.27111        0.01992        0.02503
C        -0.10883       -0.04935        0.00981
C         0.76832       -0.21008        1.18624
C         0.71363       -0.01793       -1.21520
H         0.24926       -0.03586        2.16392
H         1.81518       -0.01834        1.18940
H         0.14776        0.00900       -2.18307
H         1.78414        0.00264       -1.27940
